================================================================================
Orbitals for each atom: 
================================================================================
Note: the energies are in meV
Atom 000: 3dxy 3dyz 3dz2 3dxz 3dx2-y2 
Atom 001: 3dxy 3dyz 3dz2 3dxz 3dx2-y2 
Atom 002: 5s 5py 5pz 5px 5dxy 5dyz 5dz2 5dxz 5dx2-y2 
Atom 003: 5s 5py 5pz 5px 5dxy 5dyz 5dz2 5dxz 5dx2-y2 
Atom 004: 5s 5py 5pz 5px 5dxy 5dyz 5dz2 5dxz 5dx2-y2 
Atom 005: 5s 5py 5pz 5px 5dxy 5dyz 5dz2 5dxz 5dx2-y2 
Atom 006: 5s 5py 5pz 5px 5dxy 5dyz 5dz2 5dxz 5dx2-y2 
Atom 007: 5s 5py 5pz 5px 5dxy 5dyz 5dz2 5dxz 5dx2-y2 
------------------------------------------------------------
Angle 000:   theta=1.57080 phi=1.57080 
 E: -276.41116921 
Atom 000: 152.80004883 
Orbital: [[ 0.0072,-0.0286,-0.0076,-0.0645,-0.3071],
 [-0.0286, 0.0069,-0.198 ,-0.0784,-0.0646],
 [-0.0076,-0.198 , 0.    ,-0.1322, 0.0073],
 [-0.0645,-0.0784,-0.1322, 0.007 ,-0.0285],
 [-0.3071,-0.0646, 0.0073,-0.0285, 0.0071]]Diference to the first angle: [[0.,0.,0.,0.,0.],
 [0.,0.,0.,0.,0.],
 [0.,0.,0.,0.,0.],
 [0.,0.,0.,0.,0.],
 [0.,0.,0.,0.,0.]]Atom 001: 152.79478436 
Orbital: [[ 0.0072,-0.0286,-0.0076,-0.0645,-0.3071],
 [-0.0286, 0.0069,-0.198 ,-0.0784,-0.0646],
 [-0.0076,-0.198 , 0.    ,-0.1322, 0.0073],
 [-0.0645,-0.0784,-0.1322, 0.007 ,-0.0285],
 [-0.3071,-0.0646, 0.0073,-0.0285, 0.0071]]Diference to the first angle: [[0.,0.,0.,0.,0.],
 [0.,0.,0.,0.,0.],
 [0.,0.,0.,0.,0.],
 [0.,0.,0.,0.,0.],
 [0.,0.,0.,0.,0.]]Atom 002: -111.49949255 
Orbital: [[ -0.    ,  0.    , -0.    , -0.    ,  0.    ,  0.    ,  0.    ,  0.    ,
    0.    ],
 [  0.    , -0.798 ,-18.1613,-18.2538,  0.0002,  0.0003,  0.0003,  0.0003,
   -0.0005],
 [ -0.    ,-18.1613, -1.2141,-17.5676,  0.0003, -0.001 ,  0.0006, -0.0003,
    0.0007],
 [ -0.    ,-18.2538,-17.5676, -1.5084, -0.0003, -0.0001,  0.    ,  0.0005,
    0.0002],
 [  0.    ,  0.0002,  0.0003, -0.0003,  0.    , -0.0006, -0.    , -0.0006,
   -0.0023],
 [  0.    ,  0.0003, -0.001 , -0.0001, -0.0006,  0.    , -0.0015, -0.0003,
   -0.0007],
 [  0.    ,  0.0003,  0.0006,  0.    , -0.    , -0.0015,  0.    , -0.0013,
   -0.    ],
 [  0.    ,  0.0003, -0.0003,  0.0005, -0.0006, -0.0003, -0.0013,  0.    ,
   -0.0005],
 [  0.    , -0.0005,  0.0007,  0.0002, -0.0023, -0.0007, -0.    , -0.0005,
    0.    ]]Diference to the first angle: [[0.,0.,0.,0.,0.,0.,0.,0.,0.],
 [0.,0.,0.,0.,0.,0.,0.,0.,0.],
 [0.,0.,0.,0.,0.,0.,0.,0.,0.],
 [0.,0.,0.,0.,0.,0.,0.,0.,0.],
 [0.,0.,0.,0.,0.,0.,0.,0.,0.],
 [0.,0.,0.,0.,0.,0.,0.,0.,0.],
 [0.,0.,0.,0.,0.,0.,0.,0.,0.],
 [0.,0.,0.,0.,0.,0.,0.,0.,0.],
 [0.,0.,0.,0.,0.,0.,0.,0.,0.]]Atom 003: -111.51683685 
Orbital: [[ -0.    ,  0.    , -0.    , -0.    ,  0.    , -0.    ,  0.    , -0.    ,
    0.    ],
 [  0.    , -0.7125,-18.1512,-18.2737,  0.0002,  0.0005, -0.0008, -0.0004,
    0.    ],
 [ -0.    ,-18.1512, -1.2141,-17.6093,  0.0006, -0.0009,  0.0006, -0.0002,
    0.0008],
 [ -0.    ,-18.2737,-17.6093, -1.5084,  0.0001,  0.0002, -0.0002,  0.0005,
    0.0001],
 [  0.    ,  0.0002,  0.0006,  0.0001, -0.    , -0.0006,  0.    , -0.0004,
   -0.0026],
 [ -0.    ,  0.0005, -0.0009,  0.0002, -0.0006, -0.    , -0.0014, -0.0006,
   -0.0005],
 [  0.    , -0.0008,  0.0006, -0.0002,  0.    , -0.0014,  0.    , -0.0013,
    0.    ],
 [ -0.    , -0.0004, -0.0002,  0.0005, -0.0004, -0.0006, -0.0013, -0.    ,
   -0.0005],
 [  0.    ,  0.    ,  0.0008,  0.0001, -0.0026, -0.0005,  0.    , -0.0005,
    0.    ]]Diference to the first angle: [[0.,0.,0.,0.,0.,0.,0.,0.,0.],
 [0.,0.,0.,0.,0.,0.,0.,0.,0.],
 [0.,0.,0.,0.,0.,0.,0.,0.,0.],
 [0.,0.,0.,0.,0.,0.,0.,0.,0.],
 [0.,0.,0.,0.,0.,0.,0.,0.,0.],
 [0.,0.,0.,0.,0.,0.,0.,0.,0.],
 [0.,0.,0.,0.,0.,0.,0.,0.,0.],
 [0.,0.,0.,0.,0.,0.,0.,0.,0.],
 [0.,0.,0.,0.,0.,0.,0.,0.,0.]]Atom 004: -110.07585267 
Orbital: [[ -0.    ,  0.    ,  0.    ,  0.    ,  0.    ,  0.    ,  0.    , -0.    ,
    0.    ],
 [  0.    , -0.8895,-16.9366,-18.8103, -0.0002,  0.0006, -0.0001,  0.0004,
    0.0005],
 [  0.    ,-16.9366, -0.9118,-18.3923,  0.001 , -0.0001,  0.0008, -0.0016,
    0.0003],
 [  0.    ,-18.8103,-18.3923,  0.0183,  0.    ,  0.0001, -0.0009,  0.    ,
   -0.0003],
 [  0.    , -0.0002,  0.001 ,  0.    ,  0.    , -0.0005, -0.    , -0.0006,
   -0.0024],
 [  0.    ,  0.0006, -0.0001,  0.0001, -0.0005,  0.    , -0.0012, -0.0005,
   -0.0004],
 [  0.    , -0.0001,  0.0008, -0.0009, -0.    , -0.0012,  0.    , -0.0016,
   -0.    ],
 [ -0.    ,  0.0004, -0.0016,  0.    , -0.0006, -0.0005, -0.0016,  0.    ,
   -0.0007],
 [  0.    ,  0.0005,  0.0003, -0.0003, -0.0024, -0.0004, -0.    , -0.0007,
   -0.    ]]Diference to the first angle: [[0.,0.,0.,0.,0.,0.,0.,0.,0.],
 [0.,0.,0.,0.,0.,0.,0.,0.,0.],
 [0.,0.,0.,0.,0.,0.,0.,0.,0.],
 [0.,0.,0.,0.,0.,0.,0.,0.,0.],
 [0.,0.,0.,0.,0.,0.,0.,0.,0.],
 [0.,0.,0.,0.,0.,0.,0.,0.,0.],
 [0.,0.,0.,0.,0.,0.,0.,0.,0.],
 [0.,0.,0.,0.,0.,0.,0.,0.,0.],
 [0.,0.,0.,0.,0.,0.,0.,0.,0.]]Atom 005: -110.07585457 
Orbital: [[ -0.    ,  0.    ,  0.    ,  0.    ,  0.    ,  0.    ,  0.    , -0.    ,
    0.    ],
 [  0.    , -0.8895,-16.9367,-18.8102, -0.0002,  0.0006, -0.0001,  0.0004,
    0.0005],
 [  0.    ,-16.9367, -0.9118,-18.3923,  0.001 , -0.0001,  0.0008, -0.0016,
    0.0003],
 [  0.    ,-18.8102,-18.3923,  0.0183,  0.    ,  0.0001, -0.0009,  0.    ,
   -0.0003],
 [  0.    , -0.0002,  0.001 ,  0.    ,  0.    , -0.0005, -0.    , -0.0006,
   -0.0024],
 [  0.    ,  0.0006, -0.0001,  0.0001, -0.0005,  0.    , -0.0012, -0.0005,
   -0.0004],
 [  0.    , -0.0001,  0.0008, -0.0009, -0.    , -0.0012,  0.    , -0.0016,
   -0.    ],
 [ -0.    ,  0.0004, -0.0016,  0.    , -0.0006, -0.0005, -0.0016,  0.    ,
   -0.0007],
 [  0.    ,  0.0005,  0.0003, -0.0003, -0.0024, -0.0004, -0.    , -0.0007,
   -0.    ]]Diference to the first angle: [[0.,0.,0.,0.,0.,0.,0.,0.,0.],
 [0.,0.,0.,0.,0.,0.,0.,0.,0.],
 [0.,0.,0.,0.,0.,0.,0.,0.,0.],
 [0.,0.,0.,0.,0.,0.,0.,0.,0.],
 [0.,0.,0.,0.,0.,0.,0.,0.,0.],
 [0.,0.,0.,0.,0.,0.,0.,0.,0.],
 [0.,0.,0.,0.,0.,0.,0.,0.,0.],
 [0.,0.,0.,0.,0.,0.,0.,0.,0.],
 [0.,0.,0.,0.,0.,0.,0.,0.,0.]]Atom 006: -111.51680276 
Orbital: [[ -0.    ,  0.    , -0.    , -0.    ,  0.    , -0.    ,  0.    , -0.    ,
    0.    ],
 [  0.    , -0.7125,-18.1513,-18.2737,  0.0002,  0.0005, -0.0008, -0.0004,
    0.    ],
 [ -0.    ,-18.1513, -1.2141,-17.6093,  0.0006, -0.0009,  0.0006, -0.0002,
    0.0008],
 [ -0.    ,-18.2737,-17.6093, -1.5083,  0.0001,  0.0002, -0.0002,  0.0005,
    0.0001],
 [  0.    ,  0.0002,  0.0006,  0.0001, -0.    , -0.0006,  0.    , -0.0004,
   -0.0026],
 [ -0.    ,  0.0005, -0.0009,  0.0002, -0.0006, -0.    , -0.0014, -0.0006,
   -0.0005],
 [  0.    , -0.0008,  0.0006, -0.0002,  0.    , -0.0014,  0.    , -0.0013,
    0.    ],
 [ -0.    , -0.0004, -0.0002,  0.0005, -0.0004, -0.0006, -0.0013, -0.    ,
   -0.0005],
 [  0.    ,  0.    ,  0.0008,  0.0001, -0.0026, -0.0005,  0.    , -0.0005,
    0.    ]]Diference to the first angle: [[0.,0.,0.,0.,0.,0.,0.,0.,0.],
 [0.,0.,0.,0.,0.,0.,0.,0.,0.],
 [0.,0.,0.,0.,0.,0.,0.,0.,0.],
 [0.,0.,0.,0.,0.,0.,0.,0.,0.],
 [0.,0.,0.,0.,0.,0.,0.,0.,0.],
 [0.,0.,0.,0.,0.,0.,0.,0.,0.],
 [0.,0.,0.,0.,0.,0.,0.,0.,0.],
 [0.,0.,0.,0.,0.,0.,0.,0.,0.],
 [0.,0.,0.,0.,0.,0.,0.,0.,0.]]Atom 007: -111.49945630 
Orbital: [[ -0.    ,  0.    , -0.    , -0.    ,  0.    ,  0.    ,  0.    ,  0.    ,
    0.    ],
 [  0.    , -0.7981,-18.1614,-18.2539,  0.0002,  0.0003,  0.0003,  0.0003,
   -0.0005],
 [ -0.    ,-18.1614, -1.2141,-17.5676,  0.0003, -0.001 ,  0.0006, -0.0003,
    0.0007],
 [ -0.    ,-18.2539,-17.5676, -1.5083, -0.0003, -0.0001,  0.    ,  0.0005,
    0.0002],
 [  0.    ,  0.0002,  0.0003, -0.0003,  0.    , -0.0006, -0.    , -0.0006,
   -0.0023],
 [  0.    ,  0.0003, -0.001 , -0.0001, -0.0006,  0.    , -0.0015, -0.0003,
   -0.0007],
 [  0.    ,  0.0003,  0.0006,  0.    , -0.    , -0.0015,  0.    , -0.0013,
   -0.    ],
 [  0.    ,  0.0003, -0.0003,  0.0005, -0.0006, -0.0003, -0.0013,  0.    ,
   -0.0005],
 [  0.    , -0.0005,  0.0007,  0.0002, -0.0023, -0.0007, -0.    , -0.0005,
    0.    ]]Diference to the first angle: [[0.,0.,0.,0.,0.,0.,0.,0.,0.],
 [0.,0.,0.,0.,0.,0.,0.,0.,0.],
 [0.,0.,0.,0.,0.,0.,0.,0.,0.],
 [0.,0.,0.,0.,0.,0.,0.,0.,0.],
 [0.,0.,0.,0.,0.,0.,0.,0.,0.],
 [0.,0.,0.,0.,0.,0.,0.,0.,0.],
 [0.,0.,0.,0.,0.,0.,0.,0.,0.],
 [0.,0.,0.,0.,0.,0.,0.,0.,0.],
 [0.,0.,0.,0.,0.,0.,0.,0.,0.]]
------------------------------------------------------------
Angle 001:   theta=1.57080 phi=0.00000 
 E: -276.36328548 
Atom 000: 152.82396386 
Orbital: [[-0.0202,-0.0359, 0.0073,-0.0453,-0.2797],
 [-0.0359,-0.0204,-0.1322,-0.0509,-0.0452],
 [ 0.0073,-0.1322, 0.    ,-0.198 ,-0.0077],
 [-0.0453,-0.0509,-0.198 ,-0.0207,-0.0598],
 [-0.2797,-0.0452,-0.0077,-0.0598,-0.0203]]Diference to the first angle: [[-0.0275,-0.0073, 0.015 , 0.0192, 0.0274],
 [-0.0073,-0.0273, 0.0658, 0.0275, 0.0194],
 [ 0.015 , 0.0658, 0.    ,-0.0658,-0.0149],
 [ 0.0192, 0.0275,-0.0658,-0.0277,-0.0314],
 [ 0.0274, 0.0194,-0.0149,-0.0314,-0.0274]]Atom 001: 152.81868861 
Orbital: [[-0.0202,-0.0359, 0.0073,-0.0453,-0.2797],
 [-0.0359,-0.0204,-0.1322,-0.0509,-0.0452],
 [ 0.0073,-0.1322, 0.    ,-0.198 ,-0.0077],
 [-0.0453,-0.0509,-0.198 ,-0.0207,-0.0598],
 [-0.2797,-0.0452,-0.0077,-0.0598,-0.0203]]Diference to the first angle: [[-0.0275,-0.0073, 0.015 , 0.0192, 0.0274],
 [-0.0073,-0.0273, 0.0658, 0.0275, 0.0194],
 [ 0.015 , 0.0658, 0.    ,-0.0658,-0.0149],
 [ 0.0192, 0.0275,-0.0658,-0.0277,-0.0314],
 [ 0.0274, 0.0194,-0.0149,-0.0314,-0.0274]]Atom 002: -110.54891011 
Orbital: [[ -0.    ,  0.    ,  0.    ,  0.    ,  0.    , -0.    ,  0.    ,  0.    ,
    0.    ],
 [  0.    , -0.855 ,-18.0896,-18.2343, -0.0002,  0.0005, -0.0004, -0.0004,
   -0.0001],
 [  0.    ,-18.0896, -1.0127,-17.3692,  0.0006, -0.0012,  0.0007, -0.0004,
    0.0005],
 [  0.    ,-18.2343,-17.3692, -1.2812,  0.    ,  0.0004,  0.    ,  0.0006,
    0.0002],
 [  0.    , -0.0002,  0.0006,  0.    , -0.    , -0.0006, -0.    , -0.0005,
   -0.0023],
 [ -0.    ,  0.0005, -0.0012,  0.0004, -0.0006,  0.    , -0.0015, -0.0004,
   -0.0006],
 [  0.    , -0.0004,  0.0007,  0.    , -0.    , -0.0015,  0.    , -0.0013,
   -0.    ],
 [  0.    , -0.0004, -0.0004,  0.0006, -0.0005, -0.0004, -0.0013, -0.    ,
   -0.0006],
 [  0.    , -0.0001,  0.0005,  0.0002, -0.0023, -0.0006, -0.    , -0.0006,
    0.    ]]Diference to the first angle: [[-0.    ,-0.    , 0.    , 0.    , 0.    ,-0.    ,-0.    , 0.    , 0.    ],
 [-0.    ,-0.057 , 0.0718, 0.0195,-0.0004, 0.0001,-0.0007,-0.0007, 0.0004],
 [ 0.    , 0.0718, 0.2015, 0.1985, 0.0003,-0.0002, 0.0001,-0.0001,-0.0001],
 [ 0.    , 0.0195, 0.1985, 0.2272, 0.0003, 0.0006, 0.    , 0.0001,-0.    ],
 [ 0.    ,-0.0004, 0.0003, 0.0003,-0.    ,-0.    , 0.    , 0.0001,-0.0001],
 [-0.    , 0.0001,-0.0002, 0.0006,-0.    ,-0.    , 0.    ,-0.    , 0.0001],
 [-0.    ,-0.0007, 0.0001, 0.    , 0.    , 0.    ,-0.    ,-0.    , 0.    ],
 [ 0.    ,-0.0007,-0.0001, 0.0001, 0.0001,-0.    ,-0.    ,-0.    ,-0.0001],
 [ 0.    , 0.0004,-0.0001,-0.    ,-0.0001, 0.0001, 0.    ,-0.0001, 0.    ]]Atom 003: -110.54891069 
Orbital: [[ -0.    ,  0.    ,  0.    ,  0.    ,  0.    , -0.    ,  0.    ,  0.    ,
    0.    ],
 [  0.    , -0.855 ,-18.0896,-18.2343, -0.0002,  0.0005, -0.0004, -0.0004,
   -0.0001],
 [  0.    ,-18.0896, -1.0127,-17.3692,  0.0006, -0.0012,  0.0007, -0.0004,
    0.0005],
 [  0.    ,-18.2343,-17.3692, -1.2812,  0.    ,  0.0004,  0.    ,  0.0006,
    0.0002],
 [  0.    , -0.0002,  0.0006,  0.    , -0.    , -0.0006, -0.    , -0.0005,
   -0.0023],
 [ -0.    ,  0.0005, -0.0012,  0.0004, -0.0006,  0.    , -0.0015, -0.0004,
   -0.0006],
 [  0.    , -0.0004,  0.0007,  0.    , -0.    , -0.0015,  0.    , -0.0013,
   -0.    ],
 [  0.    , -0.0004, -0.0004,  0.0006, -0.0005, -0.0004, -0.0013, -0.    ,
   -0.0006],
 [  0.    , -0.0001,  0.0005,  0.0002, -0.0023, -0.0006, -0.    , -0.0006,
    0.    ]]Diference to the first angle: [[ 0.    ,-0.    , 0.    , 0.    ,-0.    , 0.    ,-0.    , 0.    ,-0.    ],
 [-0.    ,-0.1425, 0.0616, 0.0394,-0.0005, 0.    , 0.0004, 0.0001,-0.0001],
 [ 0.    , 0.0616, 0.2014, 0.2402,-0.    ,-0.0003, 0.0001,-0.0002,-0.0003],
 [ 0.    , 0.0394, 0.2402, 0.2272,-0.0001, 0.0002, 0.0002, 0.0001, 0.0001],
 [-0.    ,-0.0005,-0.    ,-0.0001, 0.    ,-0.    ,-0.    ,-0.0001, 0.0002],
 [ 0.    , 0.    ,-0.0003, 0.0002,-0.    , 0.    ,-0.    , 0.0002,-0.0001],
 [-0.    , 0.0004, 0.0001, 0.0002,-0.    ,-0.    ,-0.    ,-0.    ,-0.    ],
 [ 0.    , 0.0001,-0.0002, 0.0001,-0.0001, 0.0002,-0.    , 0.    ,-0.0001],
 [-0.    ,-0.0001,-0.0003, 0.0001, 0.0002,-0.0001,-0.    ,-0.0001, 0.    ]]Atom 004: -111.99432028 
Orbital: [[ -0.    , -0.    , -0.    ,  0.    ,  0.    ,  0.    ,  0.    , -0.    ,
    0.    ],
 [ -0.    , -1.2882,-17.3216,-18.7981, -0.0002,  0.0003,  0.0002,  0.0005,
    0.0003],
 [ -0.    ,-17.3216, -1.3146,-18.5798,  0.0012,  0.0001,  0.0005, -0.001 ,
    0.0002],
 [  0.    ,-18.7981,-18.5798,  0.0205,  0.    , -0.0002, -0.001 ,  0.    ,
    0.0003],
 [  0.    , -0.0002,  0.0012,  0.    ,  0.    , -0.0003,  0.    , -0.0006,
   -0.0026],
 [  0.    ,  0.0003,  0.0001, -0.0002, -0.0003,  0.    , -0.0012, -0.0006,
   -0.0004],
 [  0.    ,  0.0002,  0.0005, -0.001 ,  0.    , -0.0012,  0.    , -0.0015,
   -0.    ],
 [ -0.    ,  0.0005, -0.001 ,  0.    , -0.0006, -0.0006, -0.0015,  0.    ,
   -0.0006],
 [  0.    ,  0.0003,  0.0002,  0.0003, -0.0026, -0.0004, -0.    , -0.0006,
   -0.    ]]Diference to the first angle: [[-0.    ,-0.    ,-0.    , 0.    , 0.    ,-0.    , 0.    ,-0.    , 0.    ],
 [-0.    ,-0.3987,-0.3849, 0.0122,-0.    ,-0.0003, 0.0003, 0.0001,-0.0002],
 [-0.    ,-0.3849,-0.4028,-0.1874, 0.0003, 0.0001,-0.0003, 0.0007,-0.0001],
 [ 0.    , 0.0122,-0.1874, 0.0022,-0.    ,-0.0003,-0.0002,-0.    , 0.0006],
 [ 0.    ,-0.    , 0.0003,-0.    , 0.    , 0.0002, 0.    , 0.    ,-0.0002],
 [-0.    ,-0.0003, 0.0001,-0.0003, 0.0002,-0.    , 0.    ,-0.0002, 0.    ],
 [ 0.    , 0.0003,-0.0003,-0.0002, 0.    , 0.    , 0.    , 0.    ,-0.    ],
 [-0.    , 0.0001, 0.0007,-0.    , 0.    ,-0.0002, 0.    , 0.    , 0.0001],
 [ 0.    ,-0.0002,-0.0001, 0.0006,-0.0002, 0.    ,-0.    , 0.0001,-0.    ]]Atom 005: -111.99431944 
Orbital: [[ -0.    , -0.    , -0.    ,  0.    ,  0.    ,  0.    ,  0.    , -0.    ,
    0.    ],
 [ -0.    , -1.2882,-17.3216,-18.7981, -0.0002,  0.0003,  0.0002,  0.0005,
    0.0003],
 [ -0.    ,-17.3216, -1.3146,-18.5798,  0.0012,  0.0001,  0.0005, -0.001 ,
    0.0002],
 [  0.    ,-18.7981,-18.5798,  0.0205,  0.    , -0.0002, -0.001 ,  0.    ,
    0.0003],
 [  0.    , -0.0002,  0.0012,  0.    ,  0.    , -0.0003,  0.    , -0.0006,
   -0.0026],
 [  0.    ,  0.0003,  0.0001, -0.0002, -0.0003,  0.    , -0.0012, -0.0006,
   -0.0004],
 [  0.    ,  0.0002,  0.0005, -0.001 ,  0.    , -0.0012,  0.    , -0.0015,
   -0.    ],
 [ -0.    ,  0.0005, -0.001 ,  0.    , -0.0006, -0.0006, -0.0015,  0.    ,
   -0.0006],
 [  0.    ,  0.0003,  0.0002,  0.0003, -0.0026, -0.0004, -0.    , -0.0006,
   -0.    ]]Diference to the first angle: [[-0.    ,-0.    ,-0.    , 0.    , 0.    ,-0.    , 0.    ,-0.    , 0.    ],
 [-0.    ,-0.3987,-0.3848, 0.0121,-0.    ,-0.0003, 0.0003, 0.0001,-0.0002],
 [-0.    ,-0.3848,-0.4028,-0.1874, 0.0003, 0.0001,-0.0003, 0.0007,-0.0001],
 [ 0.    , 0.0121,-0.1874, 0.0022,-0.    ,-0.0003,-0.0002,-0.    , 0.0006],
 [ 0.    ,-0.    , 0.0003,-0.    , 0.    , 0.0002, 0.    , 0.    ,-0.0002],
 [-0.    ,-0.0003, 0.0001,-0.0003, 0.0002,-0.    , 0.    ,-0.0002, 0.    ],
 [ 0.    , 0.0003,-0.0003,-0.0002, 0.    , 0.    , 0.    , 0.    ,-0.    ],
 [-0.    , 0.0001, 0.0007,-0.    , 0.    ,-0.0002, 0.    , 0.    , 0.0001],
 [ 0.    ,-0.0002,-0.0001, 0.0006,-0.0002, 0.    ,-0.    , 0.0001,-0.    ]]Atom 006: -110.54894797 
Orbital: [[ -0.    ,  0.    ,  0.    ,  0.    ,  0.    , -0.    ,  0.    ,  0.    ,
    0.    ],
 [  0.    , -0.855 ,-18.0896,-18.2343, -0.0002,  0.0005, -0.0004, -0.0004,
   -0.0001],
 [  0.    ,-18.0896, -1.0127,-17.3692,  0.0006, -0.0012,  0.0007, -0.0004,
    0.0005],
 [  0.    ,-18.2343,-17.3692, -1.2811,  0.    ,  0.0004,  0.    ,  0.0006,
    0.0002],
 [  0.    , -0.0002,  0.0006,  0.    , -0.    , -0.0006, -0.    , -0.0005,
   -0.0023],
 [ -0.    ,  0.0005, -0.0012,  0.0004, -0.0006,  0.    , -0.0015, -0.0004,
   -0.0006],
 [  0.    , -0.0004,  0.0007,  0.    , -0.    , -0.0015,  0.    , -0.0013,
   -0.    ],
 [  0.    , -0.0004, -0.0004,  0.0006, -0.0005, -0.0004, -0.0013, -0.    ,
   -0.0006],
 [  0.    , -0.0001,  0.0005,  0.0002, -0.0023, -0.0006, -0.    , -0.0006,
    0.    ]]Diference to the first angle: [[ 0.    ,-0.    , 0.    , 0.    ,-0.    , 0.    ,-0.    , 0.    ,-0.    ],
 [-0.    ,-0.1426, 0.0617, 0.0395,-0.0005, 0.    , 0.0004, 0.0001,-0.0001],
 [ 0.    , 0.0617, 0.2014, 0.2401,-0.    ,-0.0003, 0.0001,-0.0002,-0.0003],
 [ 0.    , 0.0395, 0.2401, 0.2272,-0.0001, 0.0002, 0.0002, 0.0001, 0.0001],
 [-0.    ,-0.0005,-0.    ,-0.0001, 0.    ,-0.    ,-0.    ,-0.0001, 0.0002],
 [ 0.    , 0.    ,-0.0003, 0.0002,-0.    , 0.    ,-0.    , 0.0002,-0.0001],
 [-0.    , 0.0004, 0.0001, 0.0002,-0.    ,-0.    ,-0.    ,-0.    ,-0.    ],
 [ 0.    , 0.0001,-0.0002, 0.0001,-0.0001, 0.0002,-0.    , 0.    ,-0.0001],
 [-0.    ,-0.0001,-0.0003, 0.0001, 0.0002,-0.0001,-0.    ,-0.0001, 0.    ]]Atom 007: -110.54894793 
Orbital: [[ -0.    ,  0.    ,  0.    ,  0.    ,  0.    , -0.    ,  0.    ,  0.    ,
    0.    ],
 [  0.    , -0.855 ,-18.0896,-18.2343, -0.0002,  0.0005, -0.0004, -0.0004,
   -0.0001],
 [  0.    ,-18.0896, -1.0127,-17.3692,  0.0006, -0.0012,  0.0007, -0.0004,
    0.0005],
 [  0.    ,-18.2343,-17.3692, -1.2811,  0.    ,  0.0004,  0.    ,  0.0006,
    0.0002],
 [  0.    , -0.0002,  0.0006,  0.    , -0.    , -0.0006, -0.    , -0.0005,
   -0.0023],
 [ -0.    ,  0.0005, -0.0012,  0.0004, -0.0006,  0.    , -0.0015, -0.0004,
   -0.0006],
 [  0.    , -0.0004,  0.0007,  0.    , -0.    , -0.0015,  0.    , -0.0013,
   -0.    ],
 [  0.    , -0.0004, -0.0004,  0.0006, -0.0005, -0.0004, -0.0013, -0.    ,
   -0.0006],
 [  0.    , -0.0001,  0.0005,  0.0002, -0.0023, -0.0006, -0.    , -0.0006,
    0.    ]]Diference to the first angle: [[-0.    ,-0.    , 0.    , 0.    , 0.    ,-0.    ,-0.    , 0.    , 0.    ],
 [-0.    ,-0.0569, 0.0717, 0.0196,-0.0004, 0.0001,-0.0007,-0.0007, 0.0004],
 [ 0.    , 0.0717, 0.2014, 0.1983, 0.0003,-0.0002, 0.0001,-0.0001,-0.0001],
 [ 0.    , 0.0196, 0.1983, 0.2272, 0.0003, 0.0006, 0.    , 0.0001,-0.    ],
 [ 0.    ,-0.0004, 0.0003, 0.0003,-0.    ,-0.    , 0.    , 0.0001,-0.0001],
 [-0.    , 0.0001,-0.0002, 0.0006,-0.    ,-0.    , 0.    ,-0.    , 0.0001],
 [-0.    ,-0.0007, 0.0001, 0.    , 0.    , 0.    ,-0.    ,-0.    , 0.    ],
 [ 0.    ,-0.0007,-0.0001, 0.0001, 0.0001,-0.    ,-0.    ,-0.    ,-0.0001],
 [ 0.    , 0.0004,-0.0001,-0.    ,-0.0001, 0.0001, 0.    ,-0.0001, 0.    ]]
------------------------------------------------------------
Angle 002:   theta=0.00000 phi=0.00000 
 E: -282.82458200 
Atom 000: 150.65968590 
Orbital: [[ 0.0066,-0.1079, 0.0072,-0.0647,-0.1208],
 [-0.1079, 0.0067,-0.1978,-0.0408,-0.0647],
 [ 0.0072,-0.1978, 0.    ,-0.1978, 0.0072],
 [-0.0647,-0.0408,-0.1978, 0.0067,-0.1079],
 [-0.1208,-0.0647, 0.0072,-0.1079, 0.0066]]Diference to the first angle: [[-0.0006,-0.0794, 0.0148,-0.0002, 0.1864],
 [-0.0794,-0.0003, 0.0002, 0.0377,-0.0001],
 [ 0.0148, 0.0002,-0.    ,-0.0656,-0.0001],
 [-0.0002, 0.0377,-0.0656,-0.0003,-0.0795],
 [ 0.1864,-0.0001,-0.0001,-0.0795,-0.0005]]Atom 001: 150.65493213 
Orbital: [[ 0.0066,-0.1079, 0.0072,-0.0647,-0.1208],
 [-0.1079, 0.0067,-0.1978,-0.0408,-0.0647],
 [ 0.0072,-0.1978, 0.    ,-0.1978, 0.0072],
 [-0.0647,-0.0408,-0.1978, 0.0067,-0.1079],
 [-0.1208,-0.0647, 0.0072,-0.1079, 0.0066]]Diference to the first angle: [[-0.0006,-0.0794, 0.0148,-0.0002, 0.1864],
 [-0.0794,-0.0003, 0.0002, 0.0377,-0.0001],
 [ 0.0148, 0.0002,-0.    ,-0.0656,-0.0001],
 [-0.0002, 0.0377,-0.0656,-0.0003,-0.0795],
 [ 0.1864,-0.0001,-0.0001,-0.0795,-0.0005]]Atom 002: -111.24439838 
Orbital: [[ -0.    ,  0.    ,  0.    ,  0.    ,  0.    ,  0.    ,  0.    , -0.    ,
    0.    ],
 [  0.    , -0.9782,-18.1447,-18.455 , -0.0001,  0.0003, -0.0006, -0.0005,
   -0.0002],
 [  0.    ,-18.1447, -0.9118,-17.3548,  0.0004, -0.001 ,  0.0008, -0.0002,
    0.0009],
 [  0.    ,-18.455 ,-17.3548, -1.4314,  0.0001, -0.0001,  0.0002,  0.0007,
   -0.    ],
 [  0.    , -0.0001,  0.0004,  0.0001, -0.    , -0.0007, -0.    , -0.0004,
   -0.0024],
 [  0.    ,  0.0003, -0.001 , -0.0001, -0.0007,  0.    , -0.0013, -0.0005,
   -0.0006],
 [  0.    , -0.0006,  0.0008,  0.0002, -0.    , -0.0013,  0.    , -0.0015,
   -0.    ],
 [ -0.    , -0.0005, -0.0002,  0.0007, -0.0004, -0.0005, -0.0015, -0.    ,
   -0.0004],
 [  0.    , -0.0002,  0.0009, -0.    , -0.0024, -0.0006, -0.    , -0.0004,
    0.    ]]Diference to the first angle: [[-0.    , 0.    , 0.    , 0.    , 0.    ,-0.    ,-0.    ,-0.    , 0.    ],
 [ 0.    ,-0.1801, 0.0166,-0.2012,-0.0003,-0.    ,-0.0009,-0.0007, 0.0003],
 [ 0.    , 0.0166, 0.3023, 0.2129, 0.0001, 0.0001, 0.0002, 0.0001, 0.0002],
 [ 0.    ,-0.2012, 0.2129, 0.0769, 0.0004, 0.0001, 0.0002, 0.0002,-0.0002],
 [ 0.    ,-0.0003, 0.0001, 0.0004,-0.    ,-0.0001, 0.    , 0.0002,-0.0001],
 [-0.    ,-0.    , 0.0001, 0.0001,-0.0001, 0.    , 0.0002,-0.0001, 0.0001],
 [-0.    ,-0.0009, 0.0002, 0.0002, 0.    , 0.0002,-0.    ,-0.0002, 0.    ],
 [-0.    ,-0.0007, 0.0001, 0.0002, 0.0002,-0.0001,-0.0002,-0.    , 0.    ],
 [ 0.    , 0.0003, 0.0002,-0.0002,-0.0001, 0.0001, 0.    , 0.    , 0.    ]]Atom 003: -111.24440277 
Orbital: [[ -0.    ,  0.    ,  0.    ,  0.    ,  0.    , -0.    ,  0.    ,  0.    ,
    0.    ],
 [  0.    , -0.9781,-18.1677,-18.455 ,  0.    ,  0.0002,  0.0001, -0.0001,
   -0.0002],
 [  0.    ,-18.1677, -0.9119,-17.3317,  0.0006, -0.0008,  0.0008, -0.0004,
    0.0007],
 [  0.    ,-18.455 ,-17.3317, -1.4314, -0.    , -0.0001, -0.0005,  0.0004,
    0.    ],
 [  0.    ,  0.    ,  0.0006, -0.    ,  0.    , -0.0004, -0.    , -0.0007,
   -0.0024],
 [ -0.    ,  0.0002, -0.0008, -0.0001, -0.0004, -0.    , -0.0017, -0.0005,
   -0.0006],
 [  0.    ,  0.0001,  0.0008, -0.0005, -0.    , -0.0017,  0.    , -0.0011,
   -0.    ],
 [  0.    , -0.0001, -0.0004,  0.0004, -0.0007, -0.0005, -0.0011,  0.    ,
   -0.0005],
 [  0.    , -0.0002,  0.0007,  0.    , -0.0024, -0.0006, -0.    , -0.0005,
   -0.    ]]Diference to the first angle: [[ 0.    ,-0.    , 0.    , 0.    ,-0.    ,-0.    ,-0.    , 0.    ,-0.    ],
 [-0.    ,-0.2656,-0.0166,-0.1812,-0.0002,-0.0002, 0.0009, 0.0003,-0.0002],
 [ 0.    ,-0.0166, 0.3022, 0.2776,-0.    , 0.0001, 0.0002,-0.0002,-0.0001],
 [ 0.    ,-0.1812, 0.2776, 0.0769,-0.0001,-0.0002,-0.0003,-0.0001,-0.0001],
 [-0.    ,-0.0002,-0.    ,-0.0001, 0.    , 0.0001,-0.    ,-0.0002, 0.0001],
 [-0.    ,-0.0002, 0.0001,-0.0002, 0.0001,-0.    ,-0.0002, 0.0001,-0.0001],
 [-0.    , 0.0009, 0.0002,-0.0003,-0.    ,-0.0002,-0.    , 0.0002,-0.    ],
 [ 0.    , 0.0003,-0.0002,-0.0001,-0.0002, 0.0001, 0.0002, 0.    ,-0.    ],
 [-0.    ,-0.0002,-0.0001,-0.0001, 0.0001,-0.0001,-0.    ,-0.    ,-0.    ]]Atom 004: -111.24379098 
Orbital: [[ -0.    ,  0.    ,  0.    ,  0.    ,  0.    ,  0.    ,  0.    , -0.    ,
    0.    ],
 [  0.    , -0.883 ,-16.9367,-19.2299, -0.0003,  0.0006, -0.0001,  0.0001,
    0.0005],
 [  0.    ,-16.9367, -0.9118,-18.5626,  0.0009, -0.0001,  0.0008, -0.0011,
    0.0003],
 [  0.    ,-19.2299,-18.5626,  0.0235,  0.    , -0.0003, -0.0003,  0.    ,
   -0.0004],
 [  0.    , -0.0003,  0.0009,  0.    ,  0.    , -0.0005, -0.    , -0.0006,
   -0.0024],
 [  0.    ,  0.0006, -0.0001, -0.0003, -0.0005,  0.    , -0.0012, -0.0005,
   -0.0004],
 [  0.    , -0.0001,  0.0008, -0.0003, -0.    , -0.0012,  0.    , -0.0016,
   -0.    ],
 [ -0.    ,  0.0001, -0.0011,  0.    , -0.0006, -0.0005, -0.0016,  0.    ,
   -0.0007],
 [  0.    ,  0.0005,  0.0003, -0.0004, -0.0024, -0.0004, -0.    , -0.0007,
   -0.    ]]Diference to the first angle: [[ 0.    ,-0.    ,-0.    , 0.    , 0.    , 0.    , 0.    ,-0.    , 0.    ],
 [-0.    , 0.0065,-0.0001,-0.4196,-0.0002, 0.    , 0.    ,-0.0003,-0.    ],
 [-0.    ,-0.0001, 0.0001,-0.1702,-0.    , 0.    ,-0.    , 0.0005,-0.    ],
 [ 0.    ,-0.4196,-0.1702, 0.0052,-0.    ,-0.0004, 0.0006,-0.    ,-0.0001],
 [ 0.    ,-0.0002,-0.    ,-0.    ,-0.    ,-0.    ,-0.    , 0.    , 0.    ],
 [ 0.    , 0.    , 0.    ,-0.0004,-0.    , 0.    ,-0.    , 0.    , 0.    ],
 [ 0.    , 0.    ,-0.    , 0.0006,-0.    ,-0.    , 0.    ,-0.    , 0.    ],
 [-0.    ,-0.0003, 0.0005,-0.    , 0.    , 0.    ,-0.    ,-0.    ,-0.    ],
 [ 0.    ,-0.    ,-0.    ,-0.0001, 0.    , 0.    , 0.    ,-0.    ,-0.    ]]Atom 005: -111.24378726 
Orbital: [[ -0.    ,  0.    ,  0.    ,  0.    ,  0.    ,  0.    ,  0.    , -0.    ,
    0.    ],
 [  0.    , -0.883 ,-16.9366,-19.23  , -0.0003,  0.0006, -0.0001,  0.0001,
    0.0005],
 [  0.    ,-16.9366, -0.9117,-18.5626,  0.0009, -0.0001,  0.0008, -0.0011,
    0.0003],
 [  0.    ,-19.23  ,-18.5626,  0.0235,  0.    , -0.0003, -0.0003,  0.    ,
   -0.0004],
 [  0.    , -0.0003,  0.0009,  0.    ,  0.    , -0.0005, -0.    , -0.0006,
   -0.0024],
 [  0.    ,  0.0006, -0.0001, -0.0003, -0.0005,  0.    , -0.0012, -0.0005,
   -0.0004],
 [  0.    , -0.0001,  0.0008, -0.0003, -0.    , -0.0012,  0.    , -0.0016,
   -0.    ],
 [ -0.    ,  0.0001, -0.0011,  0.    , -0.0006, -0.0005, -0.0016,  0.    ,
   -0.0007],
 [  0.    ,  0.0005,  0.0003, -0.0004, -0.0024, -0.0004, -0.    , -0.0007,
   -0.    ]]Diference to the first angle: [[ 0.    ,-0.    ,-0.    , 0.    , 0.    , 0.    , 0.    ,-0.    , 0.    ],
 [-0.    , 0.0065, 0.0001,-0.4198,-0.0002, 0.    , 0.    ,-0.0003,-0.    ],
 [-0.    , 0.0001, 0.0001,-0.1703,-0.    , 0.    ,-0.    , 0.0005,-0.    ],
 [ 0.    ,-0.4198,-0.1703, 0.0052,-0.    ,-0.0004, 0.0006,-0.    ,-0.0001],
 [ 0.    ,-0.0002,-0.    ,-0.    ,-0.    ,-0.    ,-0.    , 0.    , 0.    ],
 [ 0.    , 0.    , 0.    ,-0.0004,-0.    , 0.    ,-0.    , 0.    , 0.    ],
 [ 0.    , 0.    ,-0.    , 0.0006,-0.    ,-0.    , 0.    ,-0.    , 0.    ],
 [-0.    ,-0.0003, 0.0005,-0.    , 0.    , 0.    ,-0.    ,-0.    ,-0.    ],
 [ 0.    ,-0.    ,-0.    ,-0.0001, 0.    , 0.    , 0.    ,-0.    ,-0.    ]]Atom 006: -111.24440542 
Orbital: [[ -0.    ,  0.    ,  0.    ,  0.    ,  0.    , -0.    ,  0.    ,  0.    ,
    0.    ],
 [  0.    , -0.9781,-18.1678,-18.455 ,  0.    ,  0.0002,  0.0001, -0.0001,
   -0.0002],
 [  0.    ,-18.1678, -0.9119,-17.3317,  0.0006, -0.0008,  0.0008, -0.0004,
    0.0007],
 [  0.    ,-18.455 ,-17.3317, -1.4314, -0.    , -0.0001, -0.0005,  0.0004,
    0.    ],
 [  0.    ,  0.    ,  0.0006, -0.    ,  0.    , -0.0004, -0.    , -0.0007,
   -0.0024],
 [ -0.    ,  0.0002, -0.0008, -0.0001, -0.0004, -0.    , -0.0017, -0.0005,
   -0.0006],
 [  0.    ,  0.0001,  0.0008, -0.0005, -0.    , -0.0017,  0.    , -0.0011,
   -0.    ],
 [  0.    , -0.0001, -0.0004,  0.0004, -0.0007, -0.0005, -0.0011,  0.    ,
   -0.0005],
 [  0.    , -0.0002,  0.0007,  0.    , -0.0024, -0.0006, -0.    , -0.0005,
   -0.    ]]Diference to the first angle: [[ 0.    ,-0.    , 0.    , 0.    ,-0.    ,-0.    ,-0.    , 0.    ,-0.    ],
 [-0.    ,-0.2657,-0.0165,-0.1813,-0.0002,-0.0002, 0.0009, 0.0003,-0.0002],
 [ 0.    ,-0.0165, 0.3022, 0.2776,-0.    , 0.0001, 0.0002,-0.0002,-0.0001],
 [ 0.    ,-0.1813, 0.2776, 0.0769,-0.0001,-0.0002,-0.0003,-0.0001,-0.0001],
 [-0.    ,-0.0002,-0.    ,-0.0001, 0.    , 0.0001,-0.    ,-0.0002, 0.0001],
 [-0.    ,-0.0002, 0.0001,-0.0002, 0.0001,-0.    ,-0.0002, 0.0001,-0.0001],
 [-0.    , 0.0009, 0.0002,-0.0003,-0.    ,-0.0002,-0.    , 0.0002,-0.    ],
 [ 0.    , 0.0003,-0.0002,-0.0001,-0.0002, 0.0001, 0.0002, 0.    ,-0.    ],
 [-0.    ,-0.0002,-0.0001,-0.0001, 0.0001,-0.0001,-0.    ,-0.    ,-0.    ]]Atom 007: -111.24439575 
Orbital: [[ -0.    ,  0.    ,  0.    ,  0.    ,  0.    ,  0.    ,  0.    , -0.    ,
    0.    ],
 [  0.    , -0.9782,-18.1448,-18.4551, -0.0001,  0.0003, -0.0006, -0.0005,
   -0.0002],
 [  0.    ,-18.1448, -0.9117,-17.3547,  0.0004, -0.001 ,  0.0008, -0.0002,
    0.0009],
 [  0.    ,-18.4551,-17.3547, -1.4314,  0.0001, -0.0001,  0.0002,  0.0007,
   -0.    ],
 [  0.    , -0.0001,  0.0004,  0.0001, -0.    , -0.0007, -0.    , -0.0004,
   -0.0024],
 [  0.    ,  0.0003, -0.001 , -0.0001, -0.0007,  0.    , -0.0013, -0.0005,
   -0.0006],
 [  0.    , -0.0006,  0.0008,  0.0002, -0.    , -0.0013,  0.    , -0.0015,
   -0.    ],
 [ -0.    , -0.0005, -0.0002,  0.0007, -0.0004, -0.0005, -0.0015, -0.    ,
   -0.0004],
 [  0.    , -0.0002,  0.0009, -0.    , -0.0024, -0.0006, -0.    , -0.0004,
    0.    ]]Diference to the first angle: [[-0.    , 0.    , 0.    , 0.    , 0.    ,-0.    ,-0.    ,-0.    , 0.    ],
 [ 0.    ,-0.1801, 0.0166,-0.2012,-0.0003,-0.    ,-0.0009,-0.0007, 0.0003],
 [ 0.    , 0.0166, 0.3024, 0.2129, 0.0001, 0.0001, 0.0002, 0.0001, 0.0002],
 [ 0.    ,-0.2012, 0.2129, 0.0769, 0.0004, 0.0001, 0.0002, 0.0002,-0.0002],
 [ 0.    ,-0.0003, 0.0001, 0.0004,-0.    ,-0.0001, 0.    , 0.0002,-0.0001],
 [-0.    ,-0.    , 0.0001, 0.0001,-0.0001, 0.    , 0.0002,-0.0001, 0.0001],
 [-0.    ,-0.0009, 0.0002, 0.0002, 0.    , 0.0002,-0.    ,-0.0002, 0.    ],
 [-0.    ,-0.0007, 0.0001, 0.0002, 0.0002,-0.0001,-0.0002,-0.    , 0.    ],
 [ 0.    , 0.0003, 0.0002,-0.0002,-0.0001, 0.0001, 0.    , 0.    , 0.    ]]
