==========================================================================================
Information: 
Exchange parameters generated by TB2J 0.9.9.9
Generation time: 25/06/26 02:26:25
Calculated with TB2J.==========================================================================================
Cell (Angstrom):
-6.01281438  3.47150000  0.00000000
-6.01281438  -3.47150000  0.00000000
0.00000000  0.00000000  13.00000000

==========================================================================================
Atoms:  
(Note: charge and magmoms only count the wannier functions.)
Atom number        x             y             z       w_charge  w_magmom 
Cr1            -4.00854292    0.00000000    6.50000000   14.6008    3.5456
Cr2            -8.01708584    0.00000000    6.50000000   14.6008    3.5456
I1             -8.08994330   -2.27226905    4.89133207    6.7997   -0.1819
I2             -2.07712892   -1.19923094    8.10866793    6.7997   -0.1819
I3             -6.01281439    1.07303812    4.89133207    6.7997   -0.1819
I4             -6.01281437   -1.07303812    8.10866793    6.7997   -0.1819
I5             -9.94849984    1.19923094    4.89133207    6.7997   -0.1819
I6             -3.93568546    2.27226905    8.10866793    6.7997   -0.1819
Total                                                    70.0000    6.0000

==========================================================================================
Orbitals used in decomposition: 
The name of the orbitals for the decomposition: 
Cr1 : ('3dxy', '3dyz', '3dz2', '3dxz', '3dx2-y2')
Cr2 : ('3dxy', '3dyz', '3dz2', '3dxz', '3dx2-y2')
I1 : ('5s', '5py', '5pz', '5px', '5dxy', '5dyz', '5dz2', '5dxz', '5dx2-y2')
I2 : ('5s', '5py', '5pz', '5px', '5dxy', '5dyz', '5dz2', '5dxz', '5dx2-y2')
I3 : ('5s', '5py', '5pz', '5px', '5dxy', '5dyz', '5dz2', '5dxz', '5dx2-y2')
I4 : ('5s', '5py', '5pz', '5px', '5dxy', '5dyz', '5dz2', '5dxz', '5dx2-y2')
I5 : ('5s', '5py', '5pz', '5px', '5dxy', '5dyz', '5dz2', '5dxz', '5dx2-y2')
I6 : ('5s', '5py', '5pz', '5px', '5dxy', '5dyz', '5dz2', '5dxz', '5dx2-y2')

==========================================================================================
Exchange: 
    i      j          R        J_iso(meV)          vector          distance(A) 
----------------------------------------------------------------------------------------
   Cr1   I6    (  0,   0,   0) -0.4995   ( 0.073,  2.272,  1.609)  2.785 
J_iso: -0.4995 
Orbital contributions:
 isotropic J:
 [[ 0.     0.001 -0.004  0.063 -0.018 -0.    -0.     0.011  0.001]
 [ 0.031 -0.42  -0.286 -0.01  -0.001  0.042 -0.002 -0.001  0.048]
 [ 0.     0.026  0.058 -0.015 -0.002 -0.006 -0.004 -0.003  0.005]
 [ 0.     0.004 -0.016  0.036 -0.016 -0.     0.     0.007  0.   ]
 [ 0.01  -0.247 -0.07  -0.002 -0.001  0.05  -0.001  0.     0.003]] 
----------------------------------------------------------------------------------------
   I6    Cr1   (  0,   0,   0) -0.4995   (-0.073, -2.272, -1.609)  2.785 
J_iso: -0.4995 
Orbital contributions:
 isotropic J:
 [[ 0.     0.031  0.     0.     0.01 ]
 [ 0.001 -0.42   0.026  0.004 -0.247]
 [-0.004 -0.286  0.058 -0.016 -0.07 ]
 [ 0.063 -0.01  -0.015  0.036 -0.002]
 [-0.018 -0.001 -0.002 -0.016 -0.001]
 [-0.     0.042 -0.006 -0.     0.05 ]
 [-0.    -0.002 -0.004  0.    -0.001]
 [ 0.011 -0.001 -0.003  0.007  0.   ]
 [ 0.001  0.048  0.005  0.     0.003]] 
----------------------------------------------------------------------------------------
   Cr2   I1    (  0,   0,   0) -0.4995   (-0.073, -2.272, -1.609)  2.785 
J_iso: -0.4995 
Orbital contributions:
 isotropic J:
 [[ 0.     0.001 -0.004  0.063 -0.018 -0.    -0.     0.011  0.001]
 [ 0.031 -0.42  -0.286 -0.01  -0.001  0.042 -0.002 -0.001  0.048]
 [ 0.     0.026  0.058 -0.015 -0.002 -0.006 -0.004 -0.003  0.005]
 [ 0.     0.004 -0.016  0.036 -0.016 -0.     0.     0.007  0.   ]
 [ 0.01  -0.247 -0.07  -0.002 -0.001  0.05  -0.001  0.     0.003]] 
----------------------------------------------------------------------------------------
   I1    Cr2   (  0,   0,   0) -0.4995   ( 0.073,  2.272,  1.609)  2.785 
J_iso: -0.4995 
Orbital contributions:
 isotropic J:
 [[ 0.     0.031  0.     0.     0.01 ]
 [ 0.001 -0.42   0.026  0.004 -0.247]
 [-0.004 -0.286  0.058 -0.016 -0.07 ]
 [ 0.063 -0.01  -0.015  0.036 -0.002]
 [-0.018 -0.001 -0.002 -0.016 -0.001]
 [-0.     0.042 -0.006 -0.     0.05 ]
 [-0.    -0.002 -0.004  0.    -0.001]
 [ 0.011 -0.001 -0.003  0.007  0.   ]
 [ 0.001  0.048  0.005  0.     0.003]] 
----------------------------------------------------------------------------------------
   Cr1   I2    (  0,   0,   0) -0.4994   ( 1.931, -1.199,  1.609)  2.785 
J_iso: -0.4994 
Orbital contributions:
 isotropic J:
 [[ 0.006 -0.046 -0.057 -0.115 -0.01  -0.002  0.001  0.045  0.01 ]
 [ 0.008 -0.032 -0.143 -0.011 -0.009 -0.009 -0.002  0.024  0.018]
 [ 0.     0.001  0.058  0.01  -0.003 -0.012 -0.004  0.003  0.006]
 [ 0.023 -0.097 -0.158 -0.249  0.037  0.026 -0.001  0.007 -0.014]
 [ 0.004  0.042 -0.017 -0.066  0.008  0.031 -0.002 -0.013 -0.023]] 
----------------------------------------------------------------------------------------
   I2    Cr1   (  0,   0,   0) -0.4994   (-1.931,  1.199, -1.609)  2.785 
J_iso: -0.4994 
Orbital contributions:
 isotropic J:
 [[ 0.006  0.008  0.     0.023  0.004]
 [-0.046 -0.032  0.001 -0.097  0.042]
 [-0.057 -0.143  0.058 -0.158 -0.017]
 [-0.115 -0.011  0.01  -0.249 -0.066]
 [-0.01  -0.009 -0.003  0.037  0.008]
 [-0.002 -0.009 -0.012  0.026  0.031]
 [ 0.001 -0.002 -0.004 -0.001 -0.002]
 [ 0.045  0.024  0.003  0.007 -0.013]
 [ 0.01   0.018  0.006 -0.014 -0.023]] 
----------------------------------------------------------------------------------------
   Cr2   I3    (  0,   0,   0) -0.4994   ( 2.004,  1.073, -1.609)  2.785 
J_iso: -0.4994 
Orbital contributions:
 isotropic J:
 [[ 0.009 -0.072 -0.05  -0.108 -0.018 -0.012 -0.003  0.049  0.013]
 [ 0.008 -0.007 -0.023 -0.105 -0.017 -0.003  0.001  0.018  0.008]
 [ 0.    -0.01   0.058  0.022  0.009  0.005 -0.004 -0.014 -0.006]
 [ 0.024 -0.033 -0.278 -0.246  0.053  0.016 -0.003  0.016 -0.013]
 [ 0.001  0.045 -0.024 -0.05   0.016  0.026  0.001 -0.002 -0.025]] 
----------------------------------------------------------------------------------------
   I3    Cr2   (  0,   0,   0) -0.4994   (-2.004, -1.073,  1.609)  2.785 
J_iso: -0.4994 
Orbital contributions:
 isotropic J:
 [[ 0.009  0.008  0.     0.024  0.001]
 [-0.072 -0.007 -0.01  -0.033  0.045]
 [-0.05  -0.023  0.058 -0.278 -0.024]
 [-0.108 -0.105  0.022 -0.246 -0.05 ]
 [-0.018 -0.017  0.009  0.053  0.016]
 [-0.012 -0.003  0.005  0.016  0.026]
 [-0.003  0.001 -0.004 -0.003  0.001]
 [ 0.049  0.018 -0.014  0.016 -0.002]
 [ 0.013  0.008 -0.006 -0.013 -0.025]] 
----------------------------------------------------------------------------------------
   Cr1   I4    (  0,   0,   0) -0.4994   (-2.004, -1.073,  1.609)  2.785 
J_iso: -0.4994 
Orbital contributions:
 isotropic J:
 [[ 0.009 -0.072 -0.05  -0.108 -0.018 -0.012 -0.003  0.049  0.013]
 [ 0.008 -0.007 -0.023 -0.105 -0.017 -0.003  0.001  0.018  0.008]
 [ 0.    -0.01   0.058  0.022  0.009  0.005 -0.004 -0.014 -0.006]
 [ 0.024 -0.033 -0.278 -0.246  0.053  0.016 -0.003  0.016 -0.013]
 [ 0.001  0.045 -0.024 -0.05   0.016  0.026  0.001 -0.002 -0.025]] 
----------------------------------------------------------------------------------------
   I4    Cr1   (  0,   0,   0) -0.4994   ( 2.004,  1.073, -1.609)  2.785 
J_iso: -0.4994 
Orbital contributions:
 isotropic J:
 [[ 0.009  0.008  0.     0.024  0.001]
 [-0.072 -0.007 -0.01  -0.033  0.045]
 [-0.05  -0.023  0.058 -0.278 -0.024]
 [-0.108 -0.105  0.022 -0.246 -0.05 ]
 [-0.018 -0.017  0.009  0.053  0.016]
 [-0.012 -0.003  0.005  0.016  0.026]
 [-0.003  0.001 -0.004 -0.003  0.001]
 [ 0.049  0.018 -0.014  0.016 -0.002]
 [ 0.013  0.008 -0.006 -0.013 -0.025]] 
----------------------------------------------------------------------------------------
   Cr2   I5    (  0,   0,   0) -0.4994   (-1.931,  1.199, -1.609)  2.785 
J_iso: -0.4994 
Orbital contributions:
 isotropic J:
 [[ 0.006 -0.046 -0.057 -0.115 -0.01  -0.002  0.001  0.045  0.01 ]
 [ 0.008 -0.032 -0.143 -0.011 -0.009 -0.009 -0.002  0.024  0.018]
 [ 0.     0.001  0.058  0.01  -0.003 -0.012 -0.004  0.003  0.006]
 [ 0.023 -0.097 -0.158 -0.249  0.037  0.026 -0.001  0.007 -0.014]
 [ 0.004  0.042 -0.017 -0.066  0.008  0.031 -0.002 -0.013 -0.023]] 
----------------------------------------------------------------------------------------
   I5    Cr2   (  0,   0,   0) -0.4994   ( 1.931, -1.199,  1.609)  2.785 
J_iso: -0.4994 
Orbital contributions:
 isotropic J:
 [[ 0.006  0.008  0.     0.023  0.004]
 [-0.046 -0.032  0.001 -0.097  0.042]
 [-0.057 -0.143  0.058 -0.158 -0.017]
 [-0.115 -0.011  0.01  -0.249 -0.066]
 [-0.01  -0.009 -0.003  0.037  0.008]
 [-0.002 -0.009 -0.012  0.026  0.031]
 [ 0.001 -0.002 -0.004 -0.001 -0.002]
 [ 0.045  0.024  0.003  0.007 -0.013]
 [ 0.01   0.018  0.006 -0.014 -0.023]] 
----------------------------------------------------------------------------------------
   Cr1   I5    ( -1,   0,   0) -0.4995   ( 0.073, -2.272, -1.609)  2.785 
J_iso: -0.4995 
Orbital contributions:
 isotropic J:
 [[ 0.     0.001 -0.004  0.063 -0.018 -0.    -0.     0.011  0.001]
 [ 0.031 -0.42  -0.286 -0.01  -0.001  0.042 -0.002 -0.001  0.048]
 [ 0.     0.026  0.058 -0.015 -0.002 -0.006 -0.004 -0.003  0.005]
 [ 0.     0.004 -0.016  0.036 -0.016 -0.     0.     0.007  0.   ]
 [ 0.01  -0.247 -0.07  -0.002 -0.001  0.05  -0.001  0.     0.003]] 
----------------------------------------------------------------------------------------
   I5    Cr1   (  1,   0,   0) -0.4995   (-0.073,  2.272,  1.609)  2.785 
J_iso: -0.4995 
Orbital contributions:
 isotropic J:
 [[ 0.     0.031  0.     0.     0.01 ]
 [ 0.001 -0.42   0.026  0.004 -0.247]
 [-0.004 -0.286  0.058 -0.016 -0.07 ]
 [ 0.063 -0.01  -0.015  0.036 -0.002]
 [-0.018 -0.001 -0.002 -0.016 -0.001]
 [-0.     0.042 -0.006 -0.     0.05 ]
 [-0.    -0.002 -0.004  0.    -0.001]
 [ 0.011 -0.001 -0.003  0.007  0.   ]
 [ 0.001  0.048  0.005  0.     0.003]] 
----------------------------------------------------------------------------------------
   I2    Cr2   ( -1,   0,   0) -0.4995   ( 0.073, -2.272, -1.609)  2.785 
J_iso: -0.4995 
Orbital contributions:
 isotropic J:
 [[ 0.001  0.034  0.    -0.     0.009]
 [-0.002 -0.541  0.021  0.014 -0.138]
 [-0.012 -0.179  0.05   0.001 -0.172]
 [ 0.085  0.002 -0.004 -0.004 -0.003]
 [-0.017 -0.002 -0.001 -0.008 -0.001]
 [-0.     0.06  -0.004 -0.     0.033]
 [ 0.    -0.001 -0.004  0.    -0.002]
 [ 0.006  0.    -0.002  0.004 -0.002]
 [ 0.     0.035  0.004  0.     0.012]] 
----------------------------------------------------------------------------------------
   Cr2   I2    (  1,   0,   0) -0.4995   (-0.073,  2.272,  1.609)  2.785 
J_iso: -0.4995 
Orbital contributions:
 isotropic J:
 [[ 0.001 -0.002 -0.012  0.085 -0.017 -0.     0.     0.006  0.   ]
 [ 0.034 -0.541 -0.179  0.002 -0.002  0.06  -0.001  0.     0.035]
 [ 0.     0.021  0.05  -0.004 -0.001 -0.004 -0.004 -0.002  0.004]
 [-0.     0.014  0.001 -0.004 -0.008 -0.     0.     0.004  0.   ]
 [ 0.009 -0.138 -0.172 -0.003 -0.001  0.033 -0.002 -0.002  0.012]] 
----------------------------------------------------------------------------------------
   Cr1   I1    (  0,  -1,   0) -0.4994   ( 1.931,  1.199, -1.609)  2.785 
J_iso: -0.4994 
Orbital contributions:
 isotropic J:
 [[ 0.006 -0.046 -0.057 -0.115 -0.01  -0.002  0.001  0.045  0.01 ]
 [ 0.008 -0.032 -0.143 -0.011 -0.009 -0.009 -0.002  0.024  0.018]
 [ 0.     0.001  0.058  0.01  -0.003 -0.012 -0.004  0.003  0.006]
 [ 0.023 -0.097 -0.158 -0.249  0.037  0.026 -0.001  0.007 -0.014]
 [ 0.004  0.042 -0.017 -0.066  0.008  0.031 -0.002 -0.013 -0.023]] 
----------------------------------------------------------------------------------------
   I1    Cr1   (  0,   1,   0) -0.4994   (-1.931, -1.199,  1.609)  2.785 
J_iso: -0.4994 
Orbital contributions:
 isotropic J:
 [[ 0.006  0.008  0.     0.023  0.004]
 [-0.046 -0.032  0.001 -0.097  0.042]
 [-0.057 -0.143  0.058 -0.158 -0.017]
 [-0.115 -0.011  0.01  -0.249 -0.066]
 [-0.01  -0.009 -0.003  0.037  0.008]
 [-0.002 -0.009 -0.012  0.026  0.031]
 [ 0.001 -0.002 -0.004 -0.001 -0.002]
 [ 0.045  0.024  0.003  0.007 -0.013]
 [ 0.01   0.018  0.006 -0.014 -0.023]] 
----------------------------------------------------------------------------------------
   Cr2   I4    (  0,   0,   0) -0.4994   ( 2.004, -1.073,  1.609)  2.785 
J_iso: -0.4994 
Orbital contributions:
 isotropic J:
 [[ 0.009 -0.072 -0.05  -0.108 -0.018 -0.012 -0.003  0.049  0.013]
 [ 0.008 -0.007 -0.023 -0.105 -0.017 -0.003  0.001  0.018  0.008]
 [ 0.    -0.01   0.058  0.022  0.009  0.005 -0.004 -0.014 -0.006]
 [ 0.024 -0.033 -0.278 -0.246  0.053  0.016 -0.003  0.016 -0.013]
 [ 0.001  0.045 -0.024 -0.05   0.016  0.026  0.001 -0.002 -0.025]] 
----------------------------------------------------------------------------------------
   I4    Cr2   (  0,   0,   0) -0.4994   (-2.004,  1.073, -1.609)  2.785 
J_iso: -0.4994 
Orbital contributions:
 isotropic J:
 [[ 0.009  0.008  0.     0.024  0.001]
 [-0.072 -0.007 -0.01  -0.033  0.045]
 [-0.05  -0.023  0.058 -0.278 -0.024]
 [-0.108 -0.105  0.022 -0.246 -0.05 ]
 [-0.018 -0.017  0.009  0.053  0.016]
 [-0.012 -0.003  0.005  0.016  0.026]
 [-0.003  0.001 -0.004 -0.003  0.001]
 [ 0.049  0.018 -0.014  0.016 -0.002]
 [ 0.013  0.008 -0.006 -0.013 -0.025]] 
----------------------------------------------------------------------------------------
   Cr1   I3    (  0,   0,   0) -0.4994   (-2.004,  1.073, -1.609)  2.785 
J_iso: -0.4994 
Orbital contributions:
 isotropic J:
 [[ 0.009 -0.072 -0.05  -0.108 -0.018 -0.012 -0.003  0.049  0.013]
 [ 0.008 -0.007 -0.023 -0.105 -0.017 -0.003  0.001  0.018  0.008]
 [ 0.    -0.01   0.058  0.022  0.009  0.005 -0.004 -0.014 -0.006]
 [ 0.024 -0.033 -0.278 -0.246  0.053  0.016 -0.003  0.016 -0.013]
 [ 0.001  0.045 -0.024 -0.05   0.016  0.026  0.001 -0.002 -0.025]] 
----------------------------------------------------------------------------------------
   I3    Cr1   (  0,   0,   0) -0.4994   ( 2.004, -1.073,  1.609)  2.785 
J_iso: -0.4994 
Orbital contributions:
 isotropic J:
 [[ 0.009  0.008  0.     0.024  0.001]
 [-0.072 -0.007 -0.01  -0.033  0.045]
 [-0.05  -0.023  0.058 -0.278 -0.024]
 [-0.108 -0.105  0.022 -0.246 -0.05 ]
 [-0.018 -0.017  0.009  0.053  0.016]
 [-0.012 -0.003  0.005  0.016  0.026]
 [-0.003  0.001 -0.004 -0.003  0.001]
 [ 0.049  0.018 -0.014  0.016 -0.002]
 [ 0.013  0.008 -0.006 -0.013 -0.025]] 
----------------------------------------------------------------------------------------
   I6    Cr2   (  0,  -1,   0) -0.4994   ( 1.931,  1.199, -1.609)  2.785 
J_iso: -0.4994 
Orbital contributions:
 isotropic J:
 [[ 0.005  0.009  0.     0.025  0.004]
 [-0.027  0.003  0.008 -0.108  0.005]
 [-0.078 -0.049  0.05  -0.129 -0.106]
 [-0.115 -0.158  0.01  -0.266  0.078]
 [ 0.002 -0.    -0.001  0.023  0.003]
 [ 0.001  0.005 -0.009  0.017  0.01 ]
 [ 0.    -0.001 -0.004  0.    -0.002]
 [ 0.025  0.01   0.002  0.032  0.001]
 [-0.001  0.004  0.004 -0.001 -0.009]] 
----------------------------------------------------------------------------------------
   Cr2   I6    (  0,   1,   0) -0.4994   (-1.931, -1.199,  1.609)  2.785 
J_iso: -0.4994 
Orbital contributions:
 isotropic J:
 [[ 0.005 -0.027 -0.078 -0.115  0.002  0.001  0.     0.025 -0.001]
 [ 0.009  0.003 -0.049 -0.158 -0.     0.005 -0.001  0.01   0.004]
 [ 0.     0.008  0.05   0.01  -0.001 -0.009 -0.004  0.002  0.004]
 [ 0.025 -0.108 -0.129 -0.266  0.023  0.017  0.     0.032 -0.001]
 [ 0.004  0.005 -0.106  0.078  0.003  0.01  -0.002  0.001 -0.009]] 
----------------------------------------------------------------------------------------
   I3    I4    (  0,   0,   0)  0.0035   ( 0.000, -2.146,  3.217)  3.867 
J_iso:  0.0035 
Orbital contributions:
 isotropic J:
 [[ 0.     0.001  0.001  0.    -0.     0.    -0.    -0.    -0.001]
 [ 0.     0.001  0.002 -0.     0.    -0.    -0.    -0.     0.   ]
 [ 0.001  0.002  0.005 -0.     0.    -0.    -0.    -0.     0.001]
 [ 0.    -0.    -0.    -0.004 -0.001 -0.    -0.    -0.001 -0.   ]
 [ 0.    -0.    -0.    -0.001 -0.    -0.    -0.    -0.    -0.   ]
 [ 0.    -0.    -0.    -0.     0.    -0.    -0.     0.    -0.   ]
 [-0.    -0.    -0.     0.     0.    -0.     0.    -0.    -0.   ]
 [ 0.    -0.    -0.    -0.002 -0.    -0.    -0.    -0.001 -0.   ]
 [-0.001  0.     0.     0.    -0.    -0.    -0.    -0.     0.   ]] 
----------------------------------------------------------------------------------------
   I4    I3    (  0,   0,   0)  0.0035   (-0.000,  2.146, -3.217)  3.867 
J_iso:  0.0035 
Orbital contributions:
 isotropic J:
 [[ 0.     0.     0.001  0.     0.     0.    -0.     0.    -0.001]
 [ 0.001  0.001  0.002 -0.    -0.    -0.    -0.    -0.     0.   ]
 [ 0.001  0.002  0.005 -0.    -0.    -0.    -0.    -0.     0.   ]
 [ 0.    -0.    -0.    -0.004 -0.001 -0.     0.    -0.002  0.   ]
 [-0.     0.     0.    -0.001 -0.     0.     0.    -0.    -0.   ]
 [ 0.    -0.    -0.    -0.    -0.    -0.    -0.    -0.    -0.   ]
 [-0.    -0.    -0.    -0.    -0.    -0.     0.    -0.    -0.   ]
 [-0.    -0.    -0.    -0.001 -0.     0.    -0.    -0.001 -0.   ]
 [-0.001  0.     0.001 -0.    -0.    -0.    -0.    -0.     0.   ]] 
----------------------------------------------------------------------------------------
   I2    I5    ( -1,   0,   0)  0.0035   (-1.859, -1.073, -3.217)  3.867 
J_iso:  0.0035 
Orbital contributions:
 isotropic J:
 [[ 0.     0.     0.001  0.    -0.001  0.    -0.     0.    -0.   ]
 [ 0.    -0.002  0.001 -0.    -0.    -0.001 -0.    -0.    -0.   ]
 [ 0.001  0.001  0.005  0.002  0.001 -0.    -0.    -0.     0.   ]
 [ 0.    -0.     0.002  0.     0.    -0.    -0.    -0.    -0.   ]
 [-0.001 -0.     0.     0.     0.    -0.    -0.    -0.     0.   ]
 [ 0.    -0.001 -0.    -0.    -0.    -0.    -0.    -0.    -0.   ]
 [-0.    -0.    -0.    -0.    -0.    -0.     0.    -0.    -0.   ]
 [ 0.    -0.    -0.    -0.    -0.    -0.    -0.     0.    -0.   ]
 [-0.    -0.     0.    -0.     0.    -0.    -0.    -0.    -0.   ]] 
----------------------------------------------------------------------------------------
   I5    I2    (  1,   0,   0)  0.0035   ( 1.859,  1.073,  3.217)  3.867 
J_iso:  0.0035 
Orbital contributions:
 isotropic J:
 [[ 0.     0.     0.001  0.    -0.001  0.    -0.     0.    -0.   ]
 [ 0.    -0.002  0.001 -0.    -0.    -0.001 -0.    -0.    -0.   ]
 [ 0.001  0.001  0.005  0.002  0.    -0.    -0.    -0.     0.   ]
 [ 0.    -0.     0.002  0.     0.    -0.    -0.    -0.    -0.   ]
 [-0.001 -0.     0.001  0.     0.    -0.    -0.    -0.     0.   ]
 [ 0.    -0.001 -0.    -0.    -0.    -0.    -0.    -0.    -0.   ]
 [-0.    -0.    -0.    -0.    -0.    -0.     0.    -0.    -0.   ]
 [ 0.    -0.    -0.    -0.    -0.    -0.    -0.     0.    -0.   ]
 [-0.    -0.     0.    -0.     0.    -0.    -0.    -0.    -0.   ]] 
----------------------------------------------------------------------------------------
   I6    I1    (  0,  -1,   0)  0.0035   ( 1.859, -1.073, -3.217)  3.867 
J_iso:  0.0035 
Orbital contributions:
 isotropic J:
 [[ 0.     0.     0.001  0.    -0.001  0.    -0.     0.    -0.   ]
 [ 0.    -0.002  0.001 -0.    -0.    -0.001 -0.    -0.    -0.   ]
 [ 0.001  0.001  0.005  0.002  0.001 -0.    -0.    -0.     0.   ]
 [ 0.    -0.     0.002  0.     0.    -0.    -0.    -0.    -0.   ]
 [-0.001 -0.     0.     0.     0.    -0.    -0.    -0.     0.   ]
 [ 0.    -0.001 -0.    -0.    -0.    -0.    -0.    -0.    -0.   ]
 [-0.    -0.    -0.    -0.    -0.    -0.     0.    -0.    -0.   ]
 [ 0.    -0.    -0.    -0.    -0.    -0.    -0.     0.    -0.   ]
 [-0.    -0.     0.    -0.     0.    -0.    -0.    -0.    -0.   ]] 
----------------------------------------------------------------------------------------
   I1    I6    (  0,   1,   0)  0.0035   (-1.859,  1.073,  3.217)  3.867 
J_iso:  0.0035 
Orbital contributions:
 isotropic J:
 [[ 0.     0.     0.001  0.    -0.001  0.    -0.     0.    -0.   ]
 [ 0.    -0.002  0.001 -0.    -0.    -0.001 -0.    -0.    -0.   ]
 [ 0.001  0.001  0.005  0.002  0.    -0.    -0.    -0.     0.   ]
 [ 0.    -0.     0.002  0.     0.    -0.    -0.    -0.    -0.   ]
 [-0.001 -0.     0.001  0.     0.    -0.    -0.    -0.     0.   ]
 [ 0.    -0.001 -0.    -0.    -0.    -0.    -0.    -0.    -0.   ]
 [-0.    -0.    -0.    -0.    -0.    -0.     0.    -0.    -0.   ]
 [ 0.    -0.    -0.    -0.    -0.    -0.    -0.     0.    -0.   ]
 [-0.    -0.     0.    -0.     0.    -0.    -0.    -0.    -0.   ]] 
----------------------------------------------------------------------------------------
   I2    I6    (  0,   0,   0)  0.0123   (-1.859,  3.471,  0.000)  3.938 
J_iso:  0.0123 
Orbital contributions:
 isotropic J:
 [[-0.001  0.004  0.     0.    -0.     0.001 -0.    -0.     0.001]
 [ 0.002  0.005 -0.    -0.    -0.     0.    -0.     0.    -0.   ]
 [-0.     0.    -0.    -0.    -0.    -0.     0.     0.     0.   ]
 [ 0.     0.001 -0.     0.    -0.     0.     0.     0.    -0.   ]
 [-0.    -0.     0.     0.     0.    -0.    -0.    -0.     0.   ]
 [ 0.001  0.    -0.    -0.     0.    -0.     0.     0.     0.   ]
 [-0.    -0.    -0.     0.     0.     0.     0.     0.    -0.   ]
 [-0.    -0.    -0.    -0.    -0.    -0.     0.     0.    -0.   ]
 [ 0.     0.     0.     0.     0.     0.     0.     0.    -0.   ]] 
----------------------------------------------------------------------------------------
   I6    I2    (  0,   0,   0)  0.0123   ( 1.859, -3.471,  0.000)  3.938 
J_iso:  0.0123 
Orbital contributions:
 isotropic J:
 [[-0.001  0.002 -0.     0.    -0.     0.001 -0.    -0.     0.   ]
 [ 0.004  0.005  0.     0.001 -0.     0.    -0.    -0.     0.   ]
 [ 0.    -0.    -0.    -0.     0.    -0.    -0.    -0.     0.   ]
 [ 0.    -0.    -0.     0.     0.    -0.     0.    -0.     0.   ]
 [-0.    -0.    -0.    -0.     0.     0.     0.    -0.     0.   ]
 [ 0.001  0.    -0.     0.    -0.    -0.     0.    -0.     0.   ]
 [-0.    -0.     0.     0.    -0.     0.     0.     0.     0.   ]
 [-0.     0.     0.     0.    -0.     0.     0.     0.     0.   ]
 [ 0.001 -0.     0.    -0.     0.     0.    -0.    -0.    -0.   ]] 
----------------------------------------------------------------------------------------
   I4    I6    (  0,   0,   0)  0.0123   ( 2.077,  3.345,  0.000)  3.938 
J_iso:  0.0123 
Orbital contributions:
 isotropic J:
 [[-0.001  0.001 -0.     0.001 -0.     0.    -0.     0.001  0.   ]
 [ 0.     0.002 -0.     0.001  0.     0.    -0.    -0.     0.   ]
 [-0.    -0.    -0.    -0.     0.    -0.    -0.    -0.    -0.   ]
 [ 0.003  0.002 -0.     0.001  0.     0.001 -0.    -0.     0.   ]
 [ 0.    -0.     0.    -0.    -0.    -0.    -0.     0.     0.   ]
 [ 0.     0.     0.    -0.     0.     0.    -0.    -0.     0.   ]
 [-0.    -0.     0.    -0.     0.     0.     0.     0.    -0.   ]
 [ 0.     0.    -0.     0.     0.    -0.     0.    -0.    -0.   ]
 [-0.    -0.    -0.    -0.     0.     0.     0.    -0.     0.   ]] 
----------------------------------------------------------------------------------------
   I6    I4    (  0,   0,   0)  0.0123   (-2.077, -3.345,  0.000)  3.938 
J_iso:  0.0123 
Orbital contributions:
 isotropic J:
 [[-0.001  0.    -0.     0.003  0.     0.    -0.     0.    -0.   ]
 [ 0.001  0.002 -0.     0.002 -0.     0.    -0.     0.    -0.   ]
 [-0.    -0.    -0.    -0.     0.     0.     0.    -0.    -0.   ]
 [ 0.001  0.001 -0.     0.001 -0.    -0.    -0.     0.    -0.   ]
 [-0.     0.     0.     0.    -0.     0.     0.     0.     0.   ]
 [ 0.     0.    -0.     0.001 -0.     0.     0.    -0.     0.   ]
 [-0.    -0.    -0.    -0.    -0.    -0.     0.     0.     0.   ]
 [ 0.001 -0.    -0.    -0.     0.    -0.     0.    -0.    -0.   ]
 [ 0.     0.    -0.     0.     0.     0.    -0.    -0.     0.   ]] 
----------------------------------------------------------------------------------------
   I1    I5    (  0,   0,   0)  0.0123   (-1.859,  3.471,  0.000)  3.938 
J_iso:  0.0123 
Orbital contributions:
 isotropic J:
 [[-0.001  0.001 -0.     0.     0.     0.001 -0.    -0.     0.   ]
 [ 0.004  0.005 -0.     0.002 -0.     0.001 -0.     0.     0.   ]
 [-0.    -0.    -0.    -0.     0.    -0.    -0.    -0.     0.   ]
 [-0.    -0.001 -0.    -0.     0.    -0.     0.    -0.     0.   ]
 [-0.    -0.     0.    -0.     0.     0.     0.    -0.     0.   ]
 [ 0.001  0.001 -0.    -0.    -0.    -0.     0.    -0.     0.   ]
 [-0.    -0.     0.     0.    -0.     0.     0.     0.     0.   ]
 [-0.     0.     0.     0.    -0.     0.     0.    -0.     0.   ]
 [ 0.    -0.     0.     0.     0.     0.    -0.    -0.    -0.   ]] 
----------------------------------------------------------------------------------------
   I5    I1    (  0,   0,   0)  0.0123   ( 1.859, -3.471,  0.000)  3.938 
J_iso:  0.0123 
Orbital contributions:
 isotropic J:
 [[-0.001  0.004 -0.    -0.    -0.     0.001 -0.    -0.     0.   ]
 [ 0.001  0.005 -0.    -0.001 -0.     0.001 -0.     0.    -0.   ]
 [-0.    -0.    -0.    -0.     0.    -0.     0.     0.     0.   ]
 [ 0.     0.002 -0.    -0.    -0.    -0.     0.     0.     0.   ]
 [ 0.    -0.     0.     0.     0.    -0.    -0.    -0.     0.   ]
 [ 0.001  0.001 -0.    -0.     0.    -0.     0.     0.     0.   ]
 [-0.    -0.    -0.     0.     0.     0.     0.     0.    -0.   ]
 [-0.     0.    -0.    -0.    -0.    -0.     0.    -0.    -0.   ]
 [ 0.     0.     0.     0.     0.     0.     0.     0.    -0.   ]] 
----------------------------------------------------------------------------------------
   I1    I3    (  0,   0,   0)  0.0123   ( 2.077,  3.345,  0.000)  3.938 
J_iso:  0.0123 
Orbital contributions:
 isotropic J:
 [[-0.001  0.     0.     0.004  0.001  0.    -0.     0.    -0.   ]
 [ 0.001  0.002  0.     0.002 -0.     0.    -0.     0.001  0.   ]
 [-0.     0.    -0.    -0.     0.     0.     0.    -0.    -0.   ]
 [ 0.001  0.001 -0.     0.001 -0.    -0.    -0.     0.    -0.   ]
 [-0.     0.     0.     0.    -0.     0.     0.    -0.     0.   ]
 [ 0.     0.    -0.     0.    -0.     0.     0.    -0.     0.   ]
 [-0.    -0.    -0.    -0.    -0.    -0.     0.     0.     0.   ]
 [ 0.001  0.    -0.    -0.     0.    -0.     0.    -0.    -0.   ]
 [ 0.    -0.    -0.     0.     0.    -0.    -0.    -0.     0.   ]] 
----------------------------------------------------------------------------------------
   I3    I1    (  0,   0,   0)  0.0123   (-2.077, -3.345,  0.000)  3.938 
J_iso:  0.0123 
Orbital contributions:
 isotropic J:
 [[-0.001  0.001 -0.     0.001 -0.     0.    -0.     0.001  0.   ]
 [ 0.     0.002  0.     0.001  0.     0.    -0.     0.    -0.   ]
 [ 0.     0.    -0.    -0.     0.    -0.    -0.    -0.    -0.   ]
 [ 0.004  0.002 -0.     0.001  0.     0.    -0.    -0.     0.   ]
 [ 0.001 -0.     0.    -0.    -0.    -0.    -0.     0.     0.   ]
 [ 0.     0.     0.    -0.     0.     0.    -0.    -0.    -0.   ]
 [-0.    -0.     0.    -0.     0.     0.     0.     0.    -0.   ]
 [ 0.     0.001 -0.     0.    -0.    -0.     0.    -0.    -0.   ]
 [-0.     0.    -0.    -0.     0.     0.     0.    -0.     0.   ]] 
----------------------------------------------------------------------------------------
   I2    I4    (  0,   0,   0)  0.0123   (-3.936,  0.126,  0.000)  3.938 
J_iso:  0.0123 
Orbital contributions:
 isotropic J:
 [[-0.001  0.    -0.     0.002  0.     0.    -0.     0.001 -0.   ]
 [ 0.002  0.    -0.    -0.001  0.    -0.     0.     0.     0.   ]
 [-0.    -0.    -0.    -0.     0.    -0.    -0.     0.     0.   ]
 [ 0.002 -0.    -0.     0.007  0.    -0.    -0.     0.001  0.   ]
 [ 0.     0.    -0.    -0.     0.    -0.    -0.     0.    -0.   ]
 [-0.     0.    -0.     0.     0.    -0.     0.     0.    -0.   ]
 [-0.     0.     0.    -0.     0.    -0.     0.     0.    -0.   ]
 [ 0.001  0.    -0.     0.     0.    -0.     0.     0.     0.   ]
 [ 0.    -0.     0.    -0.     0.     0.    -0.    -0.    -0.   ]] 
----------------------------------------------------------------------------------------
   I4    I2    (  0,   0,   0)  0.0123   ( 3.936, -0.126,  0.000)  3.938 
J_iso:  0.0123 
Orbital contributions:
 isotropic J:
 [[-0.001  0.002 -0.     0.002  0.    -0.    -0.     0.001  0.   ]
 [ 0.     0.    -0.    -0.     0.     0.     0.     0.    -0.   ]
 [-0.    -0.    -0.    -0.    -0.    -0.     0.    -0.     0.   ]
 [ 0.002 -0.001 -0.     0.007 -0.     0.    -0.     0.    -0.   ]
 [ 0.     0.     0.     0.     0.     0.     0.     0.     0.   ]
 [ 0.    -0.    -0.    -0.    -0.    -0.    -0.    -0.     0.   ]
 [-0.     0.    -0.    -0.    -0.     0.     0.     0.    -0.   ]
 [ 0.001  0.     0.     0.001  0.     0.     0.     0.    -0.   ]
 [-0.     0.     0.     0.    -0.    -0.    -0.     0.    -0.   ]] 
----------------------------------------------------------------------------------------
   I3    I5    (  0,   0,   0)  0.0123   (-3.936,  0.126,  0.000)  3.938 
J_iso:  0.0123 
Orbital contributions:
 isotropic J:
 [[-0.001  0.002  0.     0.002  0.    -0.    -0.     0.001  0.   ]
 [-0.     0.    -0.    -0.     0.    -0.     0.    -0.    -0.   ]
 [-0.    -0.001 -0.     0.    -0.    -0.     0.    -0.     0.   ]
 [ 0.002  0.     0.     0.006 -0.     0.001 -0.     0.    -0.   ]
 [ 0.     0.     0.     0.     0.     0.     0.     0.     0.   ]
 [ 0.    -0.001 -0.    -0.    -0.     0.     0.    -0.     0.   ]
 [-0.     0.    -0.    -0.    -0.     0.     0.     0.    -0.   ]
 [ 0.001  0.    -0.     0.     0.     0.     0.     0.    -0.   ]
 [-0.     0.     0.     0.    -0.    -0.    -0.    -0.    -0.   ]] 
----------------------------------------------------------------------------------------
   I5    I3    (  0,   0,   0)  0.0123   ( 3.936, -0.126,  0.000)  3.938 
J_iso:  0.0123 
Orbital contributions:
 isotropic J:
 [[-0.001 -0.    -0.     0.002  0.     0.    -0.     0.001 -0.   ]
 [ 0.002  0.    -0.001  0.     0.    -0.001  0.     0.     0.   ]
 [ 0.    -0.    -0.     0.     0.    -0.    -0.    -0.     0.   ]
 [ 0.002 -0.     0.     0.006  0.    -0.    -0.     0.     0.   ]
 [ 0.     0.    -0.    -0.     0.    -0.    -0.     0.    -0.   ]
 [-0.    -0.    -0.     0.001  0.     0.     0.     0.    -0.   ]
 [-0.     0.     0.    -0.     0.     0.     0.     0.    -0.   ]
 [ 0.001 -0.    -0.     0.     0.    -0.     0.     0.    -0.   ]
 [ 0.    -0.     0.    -0.     0.     0.    -0.    -0.    -0.   ]] 
----------------------------------------------------------------------------------------
   I1    I5    ( -1,   1,   0)  0.0123   (-1.859, -3.472,  0.000)  3.938 
J_iso:  0.0123 
Orbital contributions:
 isotropic J:
 [[-0.001  0.004  0.     0.    -0.     0.001 -0.    -0.     0.001]
 [ 0.002  0.005 -0.    -0.    -0.     0.    -0.     0.    -0.   ]
 [-0.     0.    -0.    -0.    -0.    -0.     0.     0.     0.   ]
 [ 0.     0.001 -0.     0.    -0.     0.     0.     0.    -0.   ]
 [-0.    -0.     0.     0.     0.    -0.    -0.    -0.     0.   ]
 [ 0.001  0.    -0.    -0.     0.    -0.     0.     0.     0.   ]
 [-0.    -0.    -0.     0.     0.     0.     0.     0.    -0.   ]
 [-0.    -0.    -0.    -0.    -0.    -0.     0.     0.    -0.   ]
 [ 0.     0.     0.     0.     0.     0.     0.     0.    -0.   ]] 
----------------------------------------------------------------------------------------
   I5    I1    (  1,  -1,   0)  0.0123   ( 1.859,  3.472,  0.000)  3.938 
J_iso:  0.0123 
Orbital contributions:
 isotropic J:
 [[-0.001  0.002 -0.     0.    -0.     0.001 -0.    -0.     0.   ]
 [ 0.004  0.005  0.     0.001 -0.     0.    -0.    -0.     0.   ]
 [ 0.    -0.    -0.    -0.     0.    -0.    -0.    -0.     0.   ]
 [ 0.    -0.    -0.     0.     0.    -0.     0.    -0.     0.   ]
 [-0.    -0.    -0.    -0.     0.     0.     0.    -0.     0.   ]
 [ 0.001  0.    -0.     0.    -0.    -0.     0.    -0.     0.   ]
 [-0.    -0.     0.     0.    -0.     0.     0.     0.     0.   ]
 [-0.     0.     0.     0.    -0.     0.     0.     0.     0.   ]
 [ 0.001 -0.     0.    -0.     0.     0.    -0.    -0.    -0.   ]] 
----------------------------------------------------------------------------------------
   I3    I5    ( -1,   0,   0)  0.0123   ( 2.077, -3.345,  0.000)  3.938 
J_iso:  0.0123 
Orbital contributions:
 isotropic J:
 [[-0.001  0.001 -0.     0.001 -0.     0.    -0.     0.001  0.   ]
 [ 0.     0.002 -0.     0.001  0.     0.    -0.    -0.     0.   ]
 [-0.    -0.    -0.    -0.     0.    -0.    -0.    -0.    -0.   ]
 [ 0.003  0.002 -0.     0.001  0.     0.001 -0.    -0.     0.   ]
 [ 0.    -0.     0.    -0.    -0.    -0.    -0.     0.     0.   ]
 [ 0.     0.     0.    -0.     0.     0.    -0.    -0.     0.   ]
 [-0.    -0.     0.    -0.     0.     0.     0.     0.    -0.   ]
 [ 0.     0.    -0.     0.     0.    -0.     0.    -0.    -0.   ]
 [-0.    -0.    -0.    -0.     0.     0.     0.    -0.     0.   ]] 
----------------------------------------------------------------------------------------
   I5    I3    (  1,   0,   0)  0.0123   (-2.077,  3.345,  0.000)  3.938 
J_iso:  0.0123 
Orbital contributions:
 isotropic J:
 [[-0.001  0.    -0.     0.003  0.     0.    -0.     0.    -0.   ]
 [ 0.001  0.002 -0.     0.002 -0.     0.    -0.     0.    -0.   ]
 [-0.    -0.    -0.    -0.     0.     0.     0.    -0.    -0.   ]
 [ 0.001  0.001 -0.     0.001 -0.    -0.    -0.     0.    -0.   ]
 [-0.     0.     0.     0.    -0.     0.     0.     0.     0.   ]
 [ 0.     0.    -0.     0.001 -0.     0.     0.    -0.     0.   ]
 [-0.    -0.    -0.    -0.    -0.    -0.     0.     0.     0.   ]
 [ 0.001 -0.    -0.    -0.     0.    -0.     0.    -0.    -0.   ]
 [ 0.     0.    -0.     0.     0.     0.    -0.    -0.     0.   ]] 
----------------------------------------------------------------------------------------
   I2    I6    ( -1,   1,   0)  0.0123   (-1.859, -3.472,  0.000)  3.938 
J_iso:  0.0123 
Orbital contributions:
 isotropic J:
 [[-0.001  0.001 -0.     0.     0.     0.001 -0.    -0.     0.   ]
 [ 0.004  0.005 -0.     0.002 -0.     0.001 -0.     0.     0.   ]
 [-0.    -0.    -0.    -0.     0.    -0.    -0.    -0.     0.   ]
 [-0.    -0.001 -0.    -0.     0.    -0.     0.    -0.     0.   ]
 [-0.    -0.     0.    -0.     0.     0.     0.    -0.     0.   ]
 [ 0.001  0.001 -0.    -0.    -0.    -0.     0.    -0.     0.   ]
 [-0.    -0.     0.     0.    -0.     0.     0.     0.     0.   ]
 [-0.     0.     0.     0.    -0.     0.     0.    -0.     0.   ]
 [ 0.    -0.     0.     0.     0.     0.    -0.    -0.    -0.   ]] 
----------------------------------------------------------------------------------------
   I6    I2    (  1,  -1,   0)  0.0123   ( 1.859,  3.472,  0.000)  3.938 
J_iso:  0.0123 
Orbital contributions:
 isotropic J:
 [[-0.001  0.004 -0.    -0.    -0.     0.001 -0.    -0.     0.   ]
 [ 0.001  0.005 -0.    -0.001 -0.     0.001 -0.     0.    -0.   ]
 [-0.    -0.    -0.    -0.     0.    -0.     0.     0.     0.   ]
 [ 0.     0.002 -0.    -0.    -0.    -0.     0.     0.     0.   ]
 [ 0.    -0.     0.     0.     0.    -0.    -0.    -0.     0.   ]
 [ 0.001  0.001 -0.    -0.     0.    -0.     0.     0.     0.   ]
 [-0.    -0.    -0.     0.     0.     0.     0.     0.    -0.   ]
 [-0.     0.    -0.    -0.    -0.    -0.     0.    -0.    -0.   ]
 [ 0.     0.     0.     0.     0.     0.     0.     0.    -0.   ]] 
----------------------------------------------------------------------------------------
   I2    I4    ( -1,   0,   0)  0.0123   ( 2.077, -3.345,  0.000)  3.938 
J_iso:  0.0123 
Orbital contributions:
 isotropic J:
 [[-0.001  0.     0.     0.004  0.001  0.    -0.     0.    -0.   ]
 [ 0.001  0.002  0.     0.002 -0.     0.    -0.     0.001  0.   ]
 [-0.     0.    -0.    -0.     0.     0.     0.    -0.    -0.   ]
 [ 0.001  0.001 -0.     0.001 -0.    -0.    -0.     0.    -0.   ]
 [-0.     0.     0.     0.    -0.     0.     0.    -0.     0.   ]
 [ 0.     0.    -0.     0.    -0.     0.     0.    -0.     0.   ]
 [-0.    -0.    -0.    -0.    -0.    -0.     0.     0.     0.   ]
 [ 0.001  0.    -0.    -0.     0.    -0.     0.    -0.    -0.   ]
 [ 0.    -0.    -0.     0.     0.    -0.    -0.    -0.     0.   ]] 
----------------------------------------------------------------------------------------
   I4    I2    (  1,   0,   0)  0.0123   (-2.077,  3.345,  0.000)  3.938 
J_iso:  0.0123 
Orbital contributions:
 isotropic J:
 [[-0.001  0.001 -0.     0.001 -0.     0.    -0.     0.001  0.   ]
 [ 0.     0.002  0.     0.001  0.     0.    -0.     0.    -0.   ]
 [ 0.     0.    -0.    -0.     0.    -0.    -0.    -0.    -0.   ]
 [ 0.004  0.002 -0.     0.001  0.     0.    -0.    -0.     0.   ]
 [ 0.001 -0.     0.    -0.    -0.    -0.    -0.     0.     0.   ]
 [ 0.     0.     0.    -0.     0.     0.    -0.    -0.    -0.   ]
 [-0.    -0.     0.    -0.     0.     0.     0.     0.    -0.   ]
 [ 0.     0.001 -0.     0.    -0.    -0.     0.    -0.    -0.   ]
 [-0.     0.    -0.    -0.     0.     0.     0.    -0.     0.   ]] 
----------------------------------------------------------------------------------------
   I3    I1    (  0,  -1,   0)  0.0123   ( 3.936,  0.126,  0.000)  3.938 
J_iso:  0.0123 
Orbital contributions:
 isotropic J:
 [[-0.001  0.002  0.     0.002  0.    -0.    -0.     0.001  0.   ]
 [-0.     0.    -0.    -0.     0.    -0.     0.    -0.    -0.   ]
 [-0.    -0.001 -0.     0.    -0.    -0.     0.    -0.     0.   ]
 [ 0.002  0.     0.     0.006 -0.     0.001 -0.     0.    -0.   ]
 [ 0.     0.     0.     0.     0.     0.     0.     0.     0.   ]
 [ 0.    -0.001 -0.    -0.    -0.     0.     0.    -0.     0.   ]
 [-0.     0.    -0.    -0.    -0.     0.     0.     0.    -0.   ]
 [ 0.001  0.    -0.     0.     0.     0.     0.     0.    -0.   ]
 [-0.     0.     0.     0.    -0.    -0.    -0.    -0.    -0.   ]] 
----------------------------------------------------------------------------------------
   I1    I3    (  0,   1,   0)  0.0123   (-3.936, -0.126,  0.000)  3.938 
J_iso:  0.0123 
Orbital contributions:
 isotropic J:
 [[-0.001 -0.    -0.     0.002  0.     0.    -0.     0.001 -0.   ]
 [ 0.002  0.    -0.001  0.     0.    -0.001  0.     0.     0.   ]
 [ 0.    -0.    -0.     0.     0.    -0.    -0.    -0.     0.   ]
 [ 0.002 -0.     0.     0.006  0.    -0.    -0.     0.     0.   ]
 [ 0.     0.    -0.    -0.     0.    -0.    -0.     0.    -0.   ]
 [-0.    -0.    -0.     0.001  0.     0.     0.     0.    -0.   ]
 [-0.     0.     0.    -0.     0.     0.     0.     0.    -0.   ]
 [ 0.001 -0.    -0.     0.     0.    -0.     0.     0.    -0.   ]
 [ 0.    -0.     0.    -0.     0.     0.    -0.    -0.    -0.   ]] 
----------------------------------------------------------------------------------------
   I6    I4    (  0,  -1,   0)  0.0123   ( 3.936,  0.126,  0.000)  3.938 
J_iso:  0.0123 
Orbital contributions:
 isotropic J:
 [[-0.001  0.    -0.     0.002  0.     0.    -0.     0.001 -0.   ]
 [ 0.002  0.    -0.    -0.001  0.    -0.     0.     0.     0.   ]
 [-0.    -0.    -0.    -0.     0.    -0.    -0.     0.     0.   ]
 [ 0.002 -0.    -0.     0.007  0.    -0.    -0.     0.001  0.   ]
 [ 0.     0.    -0.    -0.     0.    -0.    -0.     0.    -0.   ]
 [-0.     0.    -0.     0.     0.    -0.     0.     0.    -0.   ]
 [-0.     0.     0.    -0.     0.    -0.     0.     0.    -0.   ]
 [ 0.001  0.    -0.     0.     0.    -0.     0.     0.     0.   ]
 [ 0.    -0.     0.    -0.     0.     0.    -0.    -0.    -0.   ]] 
----------------------------------------------------------------------------------------
   I4    I6    (  0,   1,   0)  0.0123   (-3.936, -0.126,  0.000)  3.938 
J_iso:  0.0123 
Orbital contributions:
 isotropic J:
 [[-0.001  0.002 -0.     0.002  0.    -0.    -0.     0.001  0.   ]
 [ 0.     0.    -0.    -0.     0.     0.     0.     0.    -0.   ]
 [-0.    -0.    -0.    -0.    -0.    -0.     0.    -0.     0.   ]
 [ 0.002 -0.001 -0.     0.007 -0.     0.    -0.     0.    -0.   ]
 [ 0.     0.     0.     0.     0.     0.     0.     0.     0.   ]
 [ 0.    -0.    -0.    -0.    -0.    -0.    -0.    -0.     0.   ]
 [-0.     0.    -0.    -0.    -0.     0.     0.     0.    -0.   ]
 [ 0.001  0.     0.     0.001  0.     0.     0.     0.    -0.   ]
 [-0.     0.     0.     0.    -0.    -0.    -0.     0.    -0.   ]] 
