==========================================================================================
Information: 
Exchange parameters generated by TB2J 0.9.0.1
Generation time: 25/06/03 00:48:41
Calculated with TB2J.==========================================================================================
Cell (Angstrom):
-6.01281438  3.47150000  0.00000000
-6.01281438  -3.47150000  0.00000000
0.00000000  0.00000000  13.00000000

==========================================================================================
Atoms:  
(Note: charge and magmoms only count the wannier functions.)
Atom number        x             y             z       w_charge  w_magmom 
Cr1            -4.00854292    0.00000000    6.50000000   14.6008    3.5456
Cr2            -8.01708584    0.00000000    6.50000000   14.6008    3.5456
I1             -8.08994330   -2.27226905    4.89133207    6.7997   -0.1819
I2             -2.07712892   -1.19923094    8.10866793    6.7997   -0.1819
I3             -6.01281439    1.07303812    4.89133207    6.7997   -0.1819
I4             -6.01281437   -1.07303812    8.10866793    6.7997   -0.1819
I5             -9.94849984    1.19923094    4.89133207    6.7997   -0.1819
I6             -3.93568546    2.27226905    8.10866793    6.7997   -0.1819
Total                                                    70.0000    6.0000

==========================================================================================
Orbitals used in decomposition: 
The name of the orbitals for the decomposition: 
Cr1 : ('3dxy', '3dyz', '3dz2', '3dxz', '3dx2-y2')
Cr2 : ('3dxy', '3dyz', '3dz2', '3dxz', '3dx2-y2')

==========================================================================================
Exchange: 
    i      j          R        J_iso(meV)          vector          distance(A) 
----------------------------------------------------------------------------------------
   Cr1   Cr2   ( -1,   0,   0)  2.3692   ( 2.004, -3.471,  0.000)  4.009 
J_iso:  2.3692 
Orbital contributions:
 isotropic J:
 [[ 0.75  -0.11  -0.03   0.037  0.278]
 [ 0.    -0.18  -0.043  0.213 -0.143]
 [-0.17   0.003 -0.101  0.009 -0.057]
 [ 0.019  0.213 -0.128  0.206  0.   ]
 [ 0.278 -0.099 -0.01  -0.11  -0.015]] 
----------------------------------------------------------------------------------------
   Cr1   Cr2   (  0,  -1,   0)  2.3692   ( 2.004,  3.471,  0.000)  4.009 
J_iso:  2.3692 
Orbital contributions:
 isotropic J:
 [[ 0.75  -0.11  -0.03   0.037  0.278]
 [ 0.    -0.18  -0.043  0.213 -0.143]
 [-0.17   0.003 -0.101  0.009 -0.057]
 [ 0.019  0.213 -0.128  0.206  0.   ]
 [ 0.278 -0.099 -0.01  -0.11  -0.015]] 
----------------------------------------------------------------------------------------
   Cr2   Cr1   (  0,   1,   0)  2.3692   (-2.004, -3.471, -0.000)  4.009 
J_iso:  2.3692 
Orbital contributions:
 isotropic J:
 [[ 0.75   0.    -0.17   0.019  0.278]
 [-0.11  -0.18   0.003  0.213 -0.099]
 [-0.03  -0.043 -0.101 -0.128 -0.01 ]
 [ 0.037  0.213  0.009  0.206 -0.11 ]
 [ 0.278 -0.143 -0.057  0.    -0.015]] 
----------------------------------------------------------------------------------------
   Cr2   Cr1   (  1,   0,   0)  2.3692   (-2.004,  3.471, -0.000)  4.009 
J_iso:  2.3692 
Orbital contributions:
 isotropic J:
 [[ 0.75   0.    -0.17   0.019  0.278]
 [-0.11  -0.18   0.003  0.213 -0.099]
 [-0.03  -0.043 -0.101 -0.128 -0.01 ]
 [ 0.037  0.213  0.009  0.206 -0.11 ]
 [ 0.278 -0.143 -0.057  0.    -0.015]] 
----------------------------------------------------------------------------------------
   Cr1   Cr2   (  0,   0,   0)  2.3698   (-4.009,  0.000,  0.000)  4.009 
J_iso:  2.3698 
Orbital contributions:
 isotropic J:
 [[-0.118  0.    -0.    -0.277  0.   ]
 [-0.     0.612 -0.171 -0.     0.101]
 [ 0.     0.012 -0.101  0.    -0.227]
 [-0.225  0.     0.    -0.161 -0.   ]
 [ 0.    -0.006 -0.04   0.     1.41 ]] 
----------------------------------------------------------------------------------------
   Cr2   Cr1   (  0,   0,   0)  2.3698   ( 4.009,  0.000, -0.000)  4.009 
J_iso:  2.3698 
Orbital contributions:
 isotropic J:
 [[-0.118 -0.     0.    -0.225  0.   ]
 [ 0.     0.612  0.012  0.    -0.006]
 [-0.    -0.171 -0.101  0.    -0.04 ]
 [-0.277 -0.     0.    -0.161  0.   ]
 [ 0.     0.101 -0.227 -0.     1.41 ]] 
----------------------------------------------------------------------------------------
   Cr1   Cr1   ( -1,   1,   0)  0.8240   ( 0.000, -6.943,  0.000)  6.943 
J_iso:  0.8240 
Orbital contributions:
 isotropic J:
 [[-0.049  0.01   0.01  -0.014 -0.004]
 [ 0.003  0.391  0.003  0.014  0.025]
 [ 0.015 -0.008 -0.014 -0.006  0.009]
 [-0.02   0.013 -0.001 -0.008 -0.   ]
 [-0.002  0.078 -0.001  0.004  0.272]] 
----------------------------------------------------------------------------------------
   Cr2   Cr2   ( -1,   1,   0)  0.8239   ( 0.000, -6.943,  0.000)  6.943 
J_iso:  0.8239 
Orbital contributions:
 isotropic J:
 [[-0.049  0.01   0.01  -0.014 -0.004]
 [ 0.003  0.391  0.003  0.014  0.025]
 [ 0.015 -0.008 -0.014 -0.006  0.009]
 [-0.02   0.013 -0.001 -0.008 -0.   ]
 [-0.002  0.078 -0.001  0.004  0.272]] 
----------------------------------------------------------------------------------------
   Cr1   Cr1   (  1,  -1,   0)  0.8240   ( 0.000,  6.943,  0.000)  6.943 
J_iso:  0.8240 
Orbital contributions:
 isotropic J:
 [[-0.049  0.003  0.015 -0.02  -0.002]
 [ 0.01   0.391 -0.008  0.013  0.078]
 [ 0.01   0.003 -0.014 -0.001 -0.001]
 [-0.014  0.014 -0.006 -0.008  0.004]
 [-0.004  0.025  0.009 -0.     0.272]] 
----------------------------------------------------------------------------------------
   Cr2   Cr2   (  1,  -1,   0)  0.8239   ( 0.000,  6.943,  0.000)  6.943 
J_iso:  0.8239 
Orbital contributions:
 isotropic J:
 [[-0.049  0.003  0.015 -0.02  -0.002]
 [ 0.01   0.391 -0.008  0.013  0.078]
 [ 0.01   0.003 -0.014 -0.001 -0.001]
 [-0.014  0.014 -0.006 -0.008  0.004]
 [-0.004  0.025  0.009 -0.     0.272]] 
----------------------------------------------------------------------------------------
   Cr2   Cr2   (  0,   1,   0)  0.8238   (-6.013, -3.471,  0.000)  6.943 
J_iso:  0.8238 
Orbital contributions:
 isotropic J:
 [[ 0.167 -0.004 -0.01   0.011  0.018]
 [ 0.046  0.004 -0.013  0.172 -0.01 ]
 [ 0.016 -0.    -0.014  0.002 -0.007]
 [ 0.043  0.032 -0.001  0.203 -0.002]
 [ 0.024 -0.005  0.034  0.005  0.007]] 
----------------------------------------------------------------------------------------
   Cr2   Cr2   (  1,   0,   0)  0.8238   (-6.013,  3.471,  0.000)  6.943 
J_iso:  0.8238 
Orbital contributions:
 isotropic J:
 [[ 0.167 -0.004 -0.01   0.011  0.018]
 [ 0.046  0.004 -0.013  0.172 -0.01 ]
 [ 0.016 -0.    -0.014  0.002 -0.007]
 [ 0.043  0.032 -0.001  0.203 -0.002]
 [ 0.024 -0.005  0.034  0.005  0.007]] 
----------------------------------------------------------------------------------------
   Cr1   Cr1   ( -1,   0,   0)  0.8239   ( 6.013, -3.471,  0.000)  6.943 
J_iso:  0.8239 
Orbital contributions:
 isotropic J:
 [[ 0.169  0.004 -0.013  0.028  0.017]
 [-0.004  0.003 -0.     0.171 -0.004]
 [ 0.032 -0.    -0.014 -0.013 -0.007]
 [ 0.025  0.032  0.002  0.204 -0.009]
 [ 0.021 -0.011  0.022  0.057  0.009]] 
----------------------------------------------------------------------------------------
   Cr2   Cr2   ( -1,   0,   0)  0.8238   ( 6.013, -3.471,  0.000)  6.943 
J_iso:  0.8238 
Orbital contributions:
 isotropic J:
 [[ 0.167  0.046  0.016  0.043  0.024]
 [-0.004  0.004 -0.     0.032 -0.005]
 [-0.01  -0.013 -0.014 -0.001  0.034]
 [ 0.011  0.172  0.002  0.203  0.005]
 [ 0.018 -0.01  -0.007 -0.002  0.007]] 
----------------------------------------------------------------------------------------
   Cr1   Cr1   (  0,  -1,   0)  0.8239   ( 6.013,  3.471,  0.000)  6.943 
J_iso:  0.8239 
Orbital contributions:
 isotropic J:
 [[ 0.169  0.004 -0.013  0.028  0.017]
 [-0.004  0.003 -0.     0.171 -0.004]
 [ 0.032 -0.    -0.014 -0.013 -0.007]
 [ 0.025  0.032  0.002  0.204 -0.009]
 [ 0.021 -0.011  0.022  0.057  0.009]] 
----------------------------------------------------------------------------------------
   Cr2   Cr2   (  0,  -1,   0)  0.8238   ( 6.013,  3.471,  0.000)  6.943 
J_iso:  0.8238 
Orbital contributions:
 isotropic J:
 [[ 0.167  0.046  0.016  0.043  0.024]
 [-0.004  0.004 -0.     0.032 -0.005]
 [-0.01  -0.013 -0.014 -0.001  0.034]
 [ 0.011  0.172  0.002  0.203  0.005]
 [ 0.018 -0.01  -0.007 -0.002  0.007]] 
----------------------------------------------------------------------------------------
   Cr1   Cr1   (  0,   1,   0)  0.8239   (-6.013, -3.471,  0.000)  6.943 
J_iso:  0.8239 
Orbital contributions:
 isotropic J:
 [[ 0.169 -0.004  0.032  0.025  0.021]
 [ 0.004  0.003 -0.     0.032 -0.011]
 [-0.013 -0.    -0.014  0.002  0.022]
 [ 0.028  0.171 -0.013  0.204  0.057]
 [ 0.017 -0.004 -0.007 -0.009  0.009]] 
----------------------------------------------------------------------------------------
   Cr1   Cr1   (  1,   0,   0)  0.8239   (-6.013,  3.471,  0.000)  6.943 
J_iso:  0.8239 
Orbital contributions:
 isotropic J:
 [[ 0.169 -0.004  0.032  0.025  0.021]
 [ 0.004  0.003 -0.     0.032 -0.011]
 [-0.013 -0.    -0.014  0.002  0.022]
 [ 0.028  0.171 -0.013  0.204  0.057]
 [ 0.017 -0.004 -0.007 -0.009  0.009]] 
----------------------------------------------------------------------------------------
   Cr1   Cr2   ( -1,   1,   0) -0.0114   (-4.009, -6.943,  0.000)  8.017 
J_iso: -0.0114 
Orbital contributions:
 isotropic J:
 [[-0.007  0.004 -0.004 -0.013 -0.031]
 [ 0.004  0.001  0.    -0.008 -0.018]
 [-0.004  0.001 -0.003  0.002 -0.001]
 [-0.039 -0.008  0.001  0.053  0.004]
 [-0.031 -0.004 -0.001  0.004  0.048]] 
----------------------------------------------------------------------------------------
   Cr2   Cr1   ( -1,   1,   0) -0.0114   ( 4.009, -6.943, -0.000)  8.017 
J_iso: -0.0114 
Orbital contributions:
 isotropic J:
 [[-0.007  0.004 -0.004 -0.013 -0.031]
 [ 0.004  0.001  0.    -0.008 -0.018]
 [-0.004  0.001 -0.003  0.002 -0.001]
 [-0.039 -0.008  0.001  0.053  0.004]
 [-0.031 -0.004 -0.001  0.004  0.048]] 
----------------------------------------------------------------------------------------
   Cr1   Cr2   (  1,  -1,   0) -0.0114   (-4.009,  6.943,  0.000)  8.017 
J_iso: -0.0114 
Orbital contributions:
 isotropic J:
 [[-0.007  0.004 -0.004 -0.039 -0.031]
 [ 0.004  0.001  0.001 -0.008 -0.004]
 [-0.004  0.    -0.003  0.001 -0.001]
 [-0.013 -0.008  0.002  0.053  0.004]
 [-0.031 -0.018 -0.001  0.004  0.048]] 
----------------------------------------------------------------------------------------
   Cr2   Cr1   (  1,  -1,   0) -0.0114   ( 4.009,  6.943, -0.000)  8.017 
J_iso: -0.0114 
Orbital contributions:
 isotropic J:
 [[-0.007  0.004 -0.004 -0.039 -0.031]
 [ 0.004  0.001  0.001 -0.008 -0.004]
 [-0.004  0.    -0.003  0.001 -0.001]
 [-0.013 -0.008  0.002  0.053  0.004]
 [-0.031 -0.018 -0.001  0.004  0.048]] 
----------------------------------------------------------------------------------------
   Cr1   Cr2   ( -1,  -1,   0) -0.0114   ( 8.017,  0.000,  0.000)  8.017 
J_iso: -0.0114 
Orbital contributions:
 isotropic J:
 [[ 0.044 -0.    -0.     0.004 -0.   ]
 [ 0.     0.071  0.001  0.    -0.045]
 [-0.     0.003 -0.003 -0.    -0.006]
 [-0.005 -0.     0.    -0.034  0.   ]
 [ 0.    -0.014 -0.005  0.    -0.065]] 
----------------------------------------------------------------------------------------
   Cr2   Cr1   (  1,   1,   0) -0.0114   (-8.017,  0.000, -0.000)  8.017 
J_iso: -0.0114 
Orbital contributions:
 isotropic J:
 [[ 0.044  0.    -0.    -0.005  0.   ]
 [-0.     0.071  0.003 -0.    -0.014]
 [-0.     0.001 -0.003  0.    -0.005]
 [ 0.004  0.    -0.    -0.034  0.   ]
 [-0.    -0.045 -0.006  0.    -0.065]] 
----------------------------------------------------------------------------------------
   Cr1   Cr2   ( -2,   1,   0)  0.0125   ( 2.004, -10.415,  0.000) 10.606 
J_iso:  0.0125 
Orbital contributions:
 isotropic J:
 [[ 0.001 -0.    -0.002  0.    -0.005]
 [ 0.     0.016  0.006 -0.001 -0.007]
 [-0.002  0.009  0.001 -0.    -0.003]
 [-0.001 -0.002 -0.     0.001  0.001]
 [-0.007 -0.001 -0.     0.001  0.004]] 
----------------------------------------------------------------------------------------
   Cr2   Cr1   ( -1,   2,   0)  0.0125   (-2.004, -10.415, -0.000) 10.606 
J_iso:  0.0125 
Orbital contributions:
 isotropic J:
 [[ 0.001 -0.    -0.002  0.    -0.005]
 [ 0.     0.016  0.006 -0.001 -0.007]
 [-0.002  0.009  0.001 -0.    -0.003]
 [-0.001 -0.002 -0.     0.001  0.001]
 [-0.007 -0.001 -0.     0.001  0.004]] 
----------------------------------------------------------------------------------------
   Cr1   Cr2   (  1,  -2,   0)  0.0125   ( 2.004, 10.415,  0.000) 10.606 
J_iso:  0.0125 
Orbital contributions:
 isotropic J:
 [[ 0.001  0.    -0.002 -0.001 -0.007]
 [-0.     0.016  0.009 -0.002 -0.001]
 [-0.002  0.006  0.001 -0.    -0.   ]
 [ 0.    -0.001 -0.     0.001  0.001]
 [-0.005 -0.007 -0.003  0.001  0.004]] 
----------------------------------------------------------------------------------------
   Cr2   Cr1   (  2,  -1,   0)  0.0125   (-2.004, 10.415, -0.000) 10.606 
J_iso:  0.0125 
Orbital contributions:
 isotropic J:
 [[ 0.001  0.    -0.002 -0.001 -0.007]
 [-0.     0.016  0.009 -0.002 -0.001]
 [-0.002  0.006  0.001 -0.    -0.   ]
 [ 0.    -0.001 -0.     0.001  0.001]
 [-0.005 -0.007 -0.003  0.001  0.004]] 
----------------------------------------------------------------------------------------
   Cr1   Cr2   ( -2,   0,   0)  0.0125   ( 8.017, -6.943,  0.000) 10.606 
J_iso:  0.0125 
Orbital contributions:
 isotropic J:
 [[-0.004 -0.     0.001 -0.     0.001]
 [-0.002 -0.    -0.001  0.005 -0.001]
 [-0.     0.     0.001  0.009 -0.005]
 [-0.002  0.006  0.007  0.005 -0.001]
 [ 0.002 -0.    -0.004  0.001 -0.007]] 
----------------------------------------------------------------------------------------
   Cr1   Cr2   (  0,  -2,   0)  0.0125   ( 8.017,  6.943,  0.000) 10.606 
J_iso:  0.0125 
Orbital contributions:
 isotropic J:
 [[-0.004 -0.     0.001 -0.     0.001]
 [-0.002 -0.    -0.001  0.005 -0.001]
 [-0.     0.     0.001  0.009 -0.005]
 [-0.002  0.006  0.007  0.005 -0.001]
 [ 0.002 -0.    -0.004  0.001 -0.007]] 
----------------------------------------------------------------------------------------
   Cr2   Cr1   (  0,   2,   0)  0.0125   (-8.017, -6.943, -0.000) 10.606 
J_iso:  0.0125 
Orbital contributions:
 isotropic J:
 [[-0.004 -0.002 -0.    -0.002  0.002]
 [-0.    -0.     0.     0.006 -0.   ]
 [ 0.001 -0.001  0.001  0.007 -0.004]
 [-0.     0.005  0.009  0.005  0.001]
 [ 0.001 -0.001 -0.005 -0.001 -0.007]] 
----------------------------------------------------------------------------------------
   Cr2   Cr1   (  2,   0,   0)  0.0125   (-8.017,  6.943, -0.000) 10.606 
J_iso:  0.0125 
Orbital contributions:
 isotropic J:
 [[-0.004 -0.002 -0.    -0.002  0.002]
 [-0.    -0.     0.     0.006 -0.   ]
 [ 0.001 -0.001  0.001  0.007 -0.004]
 [-0.     0.005  0.009  0.005  0.001]
 [ 0.001 -0.001 -0.005 -0.001 -0.007]] 
----------------------------------------------------------------------------------------
   Cr2   Cr1   ( -1,   0,   0)  0.0125   (10.021, -3.471, -0.000) 10.606 
J_iso:  0.0125 
Orbital contributions:
 isotropic J:
 [[-0.003  0.003 -0.003 -0.002 -0.002]
 [ 0.    -0.003  0.004  0.005 -0.001]
 [-0.006  0.004  0.001  0.005  0.001]
 [-0.005  0.005  0.002  0.007 -0.001]
 [-0.    -0.001  0.001  0.    -0.003]] 
----------------------------------------------------------------------------------------
   Cr2   Cr1   (  0,  -1,   0)  0.0125   (10.021,  3.471, -0.000) 10.606 
J_iso:  0.0125 
Orbital contributions:
 isotropic J:
 [[-0.003  0.003 -0.003 -0.002 -0.002]
 [ 0.    -0.003  0.004  0.005 -0.001]
 [-0.006  0.004  0.001  0.005  0.001]
 [-0.005  0.005  0.002  0.007 -0.001]
 [-0.    -0.001  0.001  0.    -0.003]] 
----------------------------------------------------------------------------------------
   Cr1   Cr2   (  0,   1,   0)  0.0125   (-10.021, -3.471,  0.000) 10.606 
J_iso:  0.0125 
Orbital contributions:
 isotropic J:
 [[-0.003  0.    -0.006 -0.005 -0.   ]
 [ 0.003 -0.003  0.004  0.005 -0.001]
 [-0.003  0.004  0.001  0.002  0.001]
 [-0.002  0.005  0.005  0.007  0.   ]
 [-0.002 -0.001  0.001 -0.001 -0.003]] 
----------------------------------------------------------------------------------------
   Cr1   Cr2   (  1,   0,   0)  0.0125   (-10.021,  3.471,  0.000) 10.606 
J_iso:  0.0125 
Orbital contributions:
 isotropic J:
 [[-0.003  0.    -0.006 -0.005 -0.   ]
 [ 0.003 -0.003  0.004  0.005 -0.001]
 [-0.003  0.004  0.001  0.002  0.001]
 [-0.002  0.005  0.005  0.007  0.   ]
 [-0.002 -0.001  0.001 -0.001 -0.003]] 
----------------------------------------------------------------------------------------
   Cr1   Cr1   ( -2,   1,   0) -0.0441   ( 6.013, -10.415,  0.000) 12.026 
J_iso: -0.0441 
Orbital contributions:
 isotropic J:
 [[ 0.001 -0.002  0.    -0.001 -0.004]
 [ 0.001 -0.009  0.    -0.005 -0.003]
 [-0.004 -0.    -0.    -0.001 -0.001]
 [-0.001 -0.005  0.     0.002  0.001]
 [-0.004 -0.001  0.    -0.002 -0.003]] 
----------------------------------------------------------------------------------------
   Cr2   Cr2   ( -2,   1,   0) -0.0441   ( 6.013, -10.415,  0.000) 12.026 
J_iso: -0.0441 
Orbital contributions:
 isotropic J:
 [[ 0.     0.    -0.003  0.    -0.004]
 [-0.001 -0.01  -0.001 -0.004 -0.001]
 [-0.     0.    -0.     0.    -0.   ]
 [-0.001 -0.004 -0.003  0.002 -0.001]
 [-0.004 -0.003 -0.001  0.    -0.002]] 
----------------------------------------------------------------------------------------
   Cr1   Cr1   ( -1,   2,   0) -0.0441   (-6.013, -10.415,  0.000) 12.026 
J_iso: -0.0441 
Orbital contributions:
 isotropic J:
 [[ 0.     0.    -0.003  0.    -0.004]
 [-0.001 -0.01  -0.001 -0.004 -0.001]
 [-0.     0.    -0.     0.    -0.   ]
 [-0.001 -0.004 -0.003  0.002 -0.001]
 [-0.004 -0.003 -0.001  0.    -0.002]] 
----------------------------------------------------------------------------------------
   Cr2   Cr2   ( -1,   2,   0) -0.0441   (-6.013, -10.415,  0.000) 12.026 
J_iso: -0.0441 
Orbital contributions:
 isotropic J:
 [[ 0.001 -0.002  0.    -0.001 -0.004]
 [ 0.001 -0.009  0.    -0.005 -0.003]
 [-0.004 -0.    -0.    -0.001 -0.001]
 [-0.001 -0.005  0.     0.002  0.001]
 [-0.004 -0.001  0.    -0.002 -0.003]] 
----------------------------------------------------------------------------------------
   Cr1   Cr1   (  1,  -2,   0) -0.0441   ( 6.013, 10.415,  0.000) 12.026 
J_iso: -0.0441 
Orbital contributions:
 isotropic J:
 [[ 0.    -0.001 -0.    -0.001 -0.004]
 [ 0.    -0.01   0.    -0.004 -0.003]
 [-0.003 -0.001 -0.    -0.003 -0.001]
 [ 0.    -0.004  0.     0.002  0.   ]
 [-0.004 -0.001 -0.    -0.001 -0.002]] 
----------------------------------------------------------------------------------------
   Cr2   Cr2   (  1,  -2,   0) -0.0441   ( 6.013, 10.415,  0.000) 12.026 
J_iso: -0.0441 
Orbital contributions:
 isotropic J:
 [[ 0.001  0.001 -0.004 -0.001 -0.004]
 [-0.002 -0.009 -0.    -0.005 -0.001]
 [ 0.     0.    -0.     0.     0.   ]
 [-0.001 -0.005 -0.001  0.002 -0.002]
 [-0.004 -0.003 -0.001  0.001 -0.003]] 
----------------------------------------------------------------------------------------
   Cr1   Cr1   (  2,  -1,   0) -0.0441   (-6.013, 10.415,  0.000) 12.026 
J_iso: -0.0441 
Orbital contributions:
 isotropic J:
 [[ 0.001  0.001 -0.004 -0.001 -0.004]
 [-0.002 -0.009 -0.    -0.005 -0.001]
 [ 0.     0.    -0.     0.     0.   ]
 [-0.001 -0.005 -0.001  0.002 -0.002]
 [-0.004 -0.003 -0.001  0.001 -0.003]] 
----------------------------------------------------------------------------------------
   Cr2   Cr2   (  2,  -1,   0) -0.0441   (-6.013, 10.415,  0.000) 12.026 
J_iso: -0.0441 
Orbital contributions:
 isotropic J:
 [[ 0.    -0.001 -0.    -0.001 -0.004]
 [ 0.    -0.01   0.    -0.004 -0.003]
 [-0.003 -0.001 -0.    -0.003 -0.001]
 [ 0.    -0.004  0.     0.002  0.   ]
 [-0.004 -0.001 -0.    -0.001 -0.002]] 
----------------------------------------------------------------------------------------
   Cr1   Cr1   ( -1,  -1,   0) -0.0441   (12.026,  0.000,  0.000) 12.026 
J_iso: -0.0441 
Orbital contributions:
 isotropic J:
 [[-0.008 -0.    -0.    -0.005  0.   ]
 [ 0.     0.003 -0.003  0.    -0.003]
 [ 0.     0.001 -0.     0.    -0.   ]
 [-0.002  0.     0.    -0.02   0.   ]
 [-0.     0.002 -0.004  0.    -0.003]] 
----------------------------------------------------------------------------------------
   Cr2   Cr2   ( -1,  -1,   0) -0.0441   (12.026,  0.000,  0.000) 12.026 
J_iso: -0.0441 
Orbital contributions:
 isotropic J:
 [[-0.008  0.     0.    -0.003  0.   ]
 [-0.     0.002  0.    -0.     0.001]
 [ 0.    -0.002 -0.     0.    -0.006]
 [-0.004 -0.     0.    -0.019 -0.   ]
 [-0.    -0.002  0.    -0.    -0.001]] 
----------------------------------------------------------------------------------------
   Cr1   Cr1   (  1,   1,   0) -0.0441   (-12.026,  0.000,  0.000) 12.026 
J_iso: -0.0441 
Orbital contributions:
 isotropic J:
 [[-0.008  0.     0.    -0.002 -0.   ]
 [-0.     0.003  0.001  0.     0.002]
 [-0.    -0.003 -0.     0.    -0.004]
 [-0.005  0.     0.    -0.02   0.   ]
 [ 0.    -0.003 -0.     0.    -0.003]] 
----------------------------------------------------------------------------------------
   Cr2   Cr2   (  1,   1,   0) -0.0441   (-12.026,  0.000,  0.000) 12.026 
J_iso: -0.0441 
Orbital contributions:
 isotropic J:
 [[-0.008 -0.     0.    -0.004 -0.   ]
 [ 0.     0.002 -0.002 -0.    -0.002]
 [ 0.     0.    -0.     0.     0.   ]
 [-0.003 -0.     0.    -0.019 -0.   ]
 [ 0.     0.001 -0.006 -0.    -0.001]] 
----------------------------------------------------------------------------------------
   Cr1   Cr1   ( -2,   2,   0) -0.0083   ( 0.000, -13.886,  0.000) 13.886 
J_iso: -0.0083 
Orbital contributions:
 isotropic J:
 [[ 0.    -0.001  0.    -0.    -0.   ]
 [-0.001 -0.001 -0.001 -0.001 -0.001]
 [-0.    -0.001 -0.    -0.     0.   ]
 [ 0.    -0.001 -0.    -0.    -0.   ]
 [-0.    -0.001  0.    -0.    -0.001]] 
----------------------------------------------------------------------------------------
   Cr2   Cr2   ( -2,   2,   0) -0.0083   ( 0.000, -13.886,  0.000) 13.886 
J_iso: -0.0083 
Orbital contributions:
 isotropic J:
 [[ 0.    -0.001  0.    -0.    -0.   ]
 [-0.001 -0.001 -0.001 -0.001 -0.001]
 [-0.    -0.001 -0.    -0.     0.   ]
 [ 0.    -0.001 -0.    -0.    -0.   ]
 [-0.    -0.001  0.    -0.    -0.001]] 
----------------------------------------------------------------------------------------
   Cr1   Cr1   (  2,  -2,   0) -0.0083   ( 0.000, 13.886,  0.000) 13.886 
J_iso: -0.0083 
Orbital contributions:
 isotropic J:
 [[ 0.    -0.001 -0.     0.    -0.   ]
 [-0.001 -0.001 -0.001 -0.001 -0.001]
 [ 0.    -0.001 -0.    -0.     0.   ]
 [-0.    -0.001 -0.    -0.    -0.   ]
 [-0.    -0.001  0.    -0.    -0.001]] 
----------------------------------------------------------------------------------------
   Cr2   Cr2   (  2,  -2,   0) -0.0083   ( 0.000, 13.886,  0.000) 13.886 
J_iso: -0.0083 
Orbital contributions:
 isotropic J:
 [[ 0.    -0.001 -0.     0.    -0.   ]
 [-0.001 -0.001 -0.001 -0.001 -0.001]
 [ 0.    -0.001 -0.    -0.     0.   ]
 [-0.    -0.001 -0.    -0.    -0.   ]
 [-0.    -0.001  0.    -0.    -0.001]] 
----------------------------------------------------------------------------------------
   Cr1   Cr1   ( -2,   0,   0) -0.0083   (12.026, -6.943,  0.000) 13.886 
J_iso: -0.0083 
Orbital contributions:
 isotropic J:
 [[-0.    -0.    -0.    -0.    -0.   ]
 [-0.001 -0.    -0.     0.    -0.   ]
 [ 0.    -0.    -0.    -0.    -0.   ]
 [-0.001 -0.002 -0.001 -0.001 -0.   ]
 [-0.    -0.     0.    -0.001  0.   ]] 
----------------------------------------------------------------------------------------
   Cr1   Cr1   (  0,  -2,   0) -0.0083   (12.026,  6.943,  0.000) 13.886 
J_iso: -0.0083 
Orbital contributions:
 isotropic J:
 [[-0.    -0.    -0.    -0.    -0.   ]
 [-0.001 -0.    -0.     0.    -0.   ]
 [ 0.    -0.    -0.    -0.    -0.   ]
 [-0.001 -0.002 -0.001 -0.001 -0.   ]
 [-0.    -0.     0.    -0.001  0.   ]] 
----------------------------------------------------------------------------------------
   Cr2   Cr2   ( -2,   0,   0) -0.0083   (12.026, -6.943,  0.000) 13.886 
J_iso: -0.0083 
Orbital contributions:
 isotropic J:
 [[-0.    -0.001  0.    -0.001 -0.   ]
 [ 0.    -0.    -0.    -0.002 -0.   ]
 [-0.    -0.    -0.    -0.001  0.   ]
 [-0.001  0.    -0.    -0.001 -0.001]
 [-0.    -0.    -0.    -0.     0.   ]] 
----------------------------------------------------------------------------------------
   Cr2   Cr2   (  0,  -2,   0) -0.0083   (12.026,  6.943,  0.000) 13.886 
J_iso: -0.0083 
Orbital contributions:
 isotropic J:
 [[-0.    -0.001  0.    -0.001 -0.   ]
 [ 0.    -0.    -0.    -0.002 -0.   ]
 [-0.    -0.    -0.    -0.001  0.   ]
 [-0.001  0.    -0.    -0.001 -0.001]
 [-0.    -0.    -0.    -0.     0.   ]] 
----------------------------------------------------------------------------------------
   Cr1   Cr1   (  0,   2,   0) -0.0083   (-12.026, -6.943,  0.000) 13.886 
J_iso: -0.0083 
Orbital contributions:
 isotropic J:
 [[-0.    -0.001  0.    -0.001 -0.   ]
 [-0.    -0.    -0.    -0.002 -0.   ]
 [-0.    -0.    -0.    -0.001  0.   ]
 [-0.     0.    -0.    -0.001 -0.001]
 [-0.    -0.    -0.    -0.     0.   ]] 
----------------------------------------------------------------------------------------
   Cr2   Cr2   (  0,   2,   0) -0.0083   (-12.026, -6.943,  0.000) 13.886 
J_iso: -0.0083 
Orbital contributions:
 isotropic J:
 [[-0.     0.    -0.    -0.001 -0.   ]
 [-0.001 -0.    -0.     0.    -0.   ]
 [ 0.    -0.    -0.    -0.    -0.   ]
 [-0.001 -0.002 -0.001 -0.001 -0.   ]
 [-0.    -0.     0.    -0.001  0.   ]] 
----------------------------------------------------------------------------------------
   Cr1   Cr1   (  2,   0,   0) -0.0083   (-12.026,  6.943,  0.000) 13.886 
J_iso: -0.0083 
Orbital contributions:
 isotropic J:
 [[-0.    -0.001  0.    -0.001 -0.   ]
 [-0.    -0.    -0.    -0.002 -0.   ]
 [-0.    -0.    -0.    -0.001  0.   ]
 [-0.     0.    -0.    -0.001 -0.001]
 [-0.    -0.    -0.    -0.     0.   ]] 
----------------------------------------------------------------------------------------
   Cr2   Cr2   (  2,   0,   0) -0.0083   (-12.026,  6.943,  0.000) 13.886 
J_iso: -0.0083 
Orbital contributions:
 isotropic J:
 [[-0.     0.    -0.    -0.001 -0.   ]
 [-0.001 -0.    -0.     0.    -0.   ]
 [ 0.    -0.    -0.    -0.    -0.   ]
 [-0.001 -0.002 -0.001 -0.001 -0.   ]
 [-0.    -0.     0.    -0.001  0.   ]] 
----------------------------------------------------------------------------------------
   Cr1   Cr2   ( -2,   2,   0)  0.0000   (-4.009, -13.886,  0.000) 14.453 
J_iso:  0.0000 
Orbital contributions:
 isotropic J:
 [[ 0.     0.     0.     0.    -0.   ]
 [ 0.    -0.001  0.     0.001 -0.001]
 [ 0.     0.     0.     0.     0.   ]
 [ 0.     0.001  0.     0.     0.   ]
 [-0.    -0.001  0.     0.    -0.   ]] 
----------------------------------------------------------------------------------------
   Cr2   Cr1   ( -2,   2,   0)  0.0000   ( 4.009, -13.886, -0.000) 14.453 
J_iso:  0.0000 
Orbital contributions:
 isotropic J:
 [[ 0.     0.     0.     0.    -0.   ]
 [ 0.    -0.001  0.     0.001 -0.001]
 [ 0.     0.     0.     0.     0.   ]
 [ 0.     0.001  0.     0.     0.   ]
 [-0.    -0.001  0.     0.    -0.   ]] 
----------------------------------------------------------------------------------------
   Cr1   Cr2   (  2,  -2,   0)  0.0000   (-4.009, 13.886,  0.000) 14.453 
J_iso:  0.0000 
Orbital contributions:
 isotropic J:
 [[ 0.     0.     0.     0.    -0.   ]
 [ 0.    -0.001  0.     0.001 -0.001]
 [ 0.     0.     0.     0.     0.   ]
 [ 0.     0.001  0.     0.     0.   ]
 [-0.    -0.001  0.     0.    -0.   ]] 
----------------------------------------------------------------------------------------
   Cr2   Cr1   (  2,  -2,   0)  0.0000   ( 4.009, 13.886, -0.000) 14.453 
J_iso:  0.0000 
Orbital contributions:
 isotropic J:
 [[ 0.     0.     0.     0.    -0.   ]
 [ 0.    -0.001  0.     0.001 -0.001]
 [ 0.     0.     0.     0.     0.   ]
 [ 0.     0.001  0.     0.     0.   ]
 [-0.    -0.001  0.     0.    -0.   ]] 
----------------------------------------------------------------------------------------
   Cr2   Cr1   ( -2,   1,   0)  0.0000   (10.021, -10.415, -0.000) 14.453 
J_iso:  0.0000 
Orbital contributions:
 isotropic J:
 [[-0.    -0.     0.    -0.    -0.   ]
 [-0.     0.001  0.    -0.     0.   ]
 [ 0.     0.     0.     0.     0.   ]
 [-0.    -0.     0.    -0.    -0.   ]
 [-0.     0.     0.    -0.     0.   ]] 
----------------------------------------------------------------------------------------
   Cr1   Cr2   ( -1,   2,   0)  0.0000   (-10.021, -10.415,  0.000) 14.453 
J_iso:  0.0000 
Orbital contributions:
 isotropic J:
 [[-0.    -0.     0.    -0.    -0.   ]
 [-0.     0.001  0.    -0.     0.   ]
 [ 0.     0.     0.     0.     0.   ]
 [-0.    -0.     0.    -0.    -0.   ]
 [-0.     0.     0.    -0.     0.   ]] 
----------------------------------------------------------------------------------------
   Cr2   Cr1   (  1,  -2,   0)  0.0000   (10.021, 10.415, -0.000) 14.453 
J_iso:  0.0000 
Orbital contributions:
 isotropic J:
 [[-0.    -0.     0.    -0.    -0.   ]
 [-0.     0.001  0.    -0.     0.   ]
 [ 0.     0.     0.     0.     0.   ]
 [-0.    -0.     0.    -0.    -0.   ]
 [-0.     0.     0.    -0.     0.   ]] 
----------------------------------------------------------------------------------------
   Cr1   Cr2   (  2,  -1,   0)  0.0000   (-10.021, 10.415,  0.000) 14.453 
J_iso:  0.0000 
Orbital contributions:
 isotropic J:
 [[-0.    -0.     0.    -0.    -0.   ]
 [-0.     0.001  0.    -0.     0.   ]
 [ 0.     0.     0.     0.     0.   ]
 [-0.    -0.     0.    -0.    -0.   ]
 [-0.     0.     0.    -0.     0.   ]] 
----------------------------------------------------------------------------------------
   Cr1   Cr2   ( -2,  -1,   0)  0.0001   (14.030, -3.471,  0.000) 14.453 
J_iso:  0.0001 
Orbital contributions:
 isotropic J:
 [[-0.    -0.     0.    -0.    -0.   ]
 [-0.     0.     0.     0.     0.   ]
 [ 0.     0.     0.     0.     0.   ]
 [ 0.     0.     0.     0.001 -0.   ]
 [-0.     0.     0.    -0.    -0.   ]] 
----------------------------------------------------------------------------------------
   Cr1   Cr2   ( -1,  -2,   0)  0.0001   (14.030,  3.471,  0.000) 14.453 
J_iso:  0.0001 
Orbital contributions:
 isotropic J:
 [[-0.    -0.     0.    -0.    -0.   ]
 [-0.     0.     0.     0.     0.   ]
 [ 0.     0.     0.     0.     0.   ]
 [ 0.     0.     0.     0.001 -0.   ]
 [-0.     0.     0.    -0.    -0.   ]] 
----------------------------------------------------------------------------------------
   Cr2   Cr1   (  1,   2,   0)  0.0001   (-14.030, -3.471, -0.000) 14.453 
J_iso:  0.0001 
Orbital contributions:
 isotropic J:
 [[-0.    -0.     0.     0.    -0.   ]
 [-0.     0.     0.     0.     0.   ]
 [ 0.     0.     0.     0.     0.   ]
 [-0.     0.     0.     0.001 -0.   ]
 [-0.     0.     0.    -0.    -0.   ]] 
----------------------------------------------------------------------------------------
   Cr2   Cr1   (  2,   1,   0)  0.0001   (-14.030,  3.471, -0.000) 14.453 
J_iso:  0.0001 
Orbital contributions:
 isotropic J:
 [[-0.    -0.     0.     0.    -0.   ]
 [-0.     0.     0.     0.     0.   ]
 [ 0.     0.     0.     0.     0.   ]
 [-0.     0.     0.     0.001 -0.   ]
 [-0.     0.     0.    -0.    -0.   ]] 
----------------------------------------------------------------------------------------
   Cr1   Cr2   ( -3,   1,   0) -0.0074   ( 8.017, -13.886,  0.000) 16.034 
J_iso: -0.0074 
Orbital contributions:
 isotropic J:
 [[ 0.    -0.     0.    -0.    -0.   ]
 [-0.    -0.003  0.    -0.001  0.   ]
 [-0.     0.    -0.     0.    -0.   ]
 [-0.    -0.001  0.     0.    -0.   ]
 [-0.    -0.     0.    -0.    -0.001]] 
----------------------------------------------------------------------------------------
   Cr2   Cr1   ( -1,   3,   0) -0.0074   (-8.017, -13.886, -0.000) 16.034 
J_iso: -0.0074 
Orbital contributions:
 isotropic J:
 [[ 0.    -0.     0.    -0.    -0.   ]
 [-0.    -0.003  0.    -0.001  0.   ]
 [-0.     0.    -0.     0.    -0.   ]
 [-0.    -0.001  0.     0.    -0.   ]
 [-0.    -0.     0.    -0.    -0.001]] 
----------------------------------------------------------------------------------------
   Cr1   Cr2   (  1,  -3,   0) -0.0074   ( 8.017, 13.886,  0.000) 16.034 
J_iso: -0.0074 
Orbital contributions:
 isotropic J:
 [[ 0.    -0.    -0.    -0.    -0.   ]
 [-0.    -0.003  0.    -0.001 -0.   ]
 [ 0.     0.    -0.     0.     0.   ]
 [-0.    -0.001  0.     0.    -0.   ]
 [-0.     0.    -0.    -0.    -0.001]] 
----------------------------------------------------------------------------------------
   Cr2   Cr1   (  3,  -1,   0) -0.0074   (-8.017, 13.886, -0.000) 16.034 
J_iso: -0.0074 
Orbital contributions:
 isotropic J:
 [[ 0.    -0.    -0.    -0.    -0.   ]
 [-0.    -0.003  0.    -0.001 -0.   ]
 [ 0.     0.    -0.     0.     0.   ]
 [-0.    -0.001  0.     0.    -0.   ]
 [-0.     0.    -0.    -0.    -0.001]] 
----------------------------------------------------------------------------------------
   Cr2   Cr1   ( -1,  -1,   0) -0.0074   (16.034,  0.000, -0.000) 16.034 
J_iso: -0.0074 
Orbital contributions:
 isotropic J:
 [[-0.002  0.     0.    -0.     0.   ]
 [-0.     0.     0.     0.    -0.   ]
 [-0.     0.    -0.     0.    -0.   ]
 [ 0.     0.    -0.    -0.005  0.   ]
 [ 0.    -0.     0.     0.     0.   ]] 
----------------------------------------------------------------------------------------
   Cr1   Cr2   (  1,   1,   0) -0.0074   (-16.034,  0.000,  0.000) 16.034 
J_iso: -0.0074 
Orbital contributions:
 isotropic J:
 [[-0.002 -0.    -0.     0.     0.   ]
 [ 0.     0.     0.     0.    -0.   ]
 [ 0.     0.    -0.    -0.     0.   ]
 [-0.     0.     0.    -0.005  0.   ]
 [ 0.    -0.    -0.     0.     0.   ]] 
----------------------------------------------------------------------------------------
   Cr2   Cr1   ( -2,   3,   0) -0.0007   (-2.004, -17.357, -0.000) 17.473 
J_iso: -0.0007 
Orbital contributions:
 isotropic J:
 [[ 0.     0.     0.     0.     0.   ]
 [ 0.    -0.001 -0.     0.    -0.   ]
 [ 0.    -0.     0.     0.     0.   ]
 [ 0.     0.     0.    -0.     0.   ]
 [ 0.    -0.     0.    -0.    -0.   ]] 
----------------------------------------------------------------------------------------
   Cr1   Cr2   (  2,  -3,   0) -0.0007   ( 2.004, 17.357,  0.000) 17.473 
J_iso: -0.0007 
Orbital contributions:
 isotropic J:
 [[ 0.     0.     0.     0.     0.   ]
 [ 0.    -0.001 -0.     0.    -0.   ]
 [ 0.    -0.     0.     0.     0.   ]
 [ 0.     0.     0.    -0.    -0.   ]
 [ 0.    -0.     0.     0.    -0.   ]] 
----------------------------------------------------------------------------------------
   Cr1   Cr2   ( -3,   2,   0) -0.0007   ( 2.004, -17.358,  0.000) 17.473 
J_iso: -0.0007 
Orbital contributions:
 isotropic J:
 [[ 0.     0.     0.     0.     0.   ]
 [ 0.    -0.001 -0.     0.    -0.   ]
 [ 0.    -0.     0.     0.     0.   ]
 [ 0.     0.     0.    -0.     0.   ]
 [ 0.    -0.     0.    -0.    -0.   ]] 
----------------------------------------------------------------------------------------
   Cr2   Cr1   (  3,  -2,   0) -0.0007   (-2.004, 17.358, -0.000) 17.473 
J_iso: -0.0007 
Orbital contributions:
 isotropic J:
 [[ 0.     0.     0.     0.     0.   ]
 [ 0.    -0.001 -0.     0.    -0.   ]
 [ 0.    -0.     0.     0.     0.   ]
 [ 0.     0.     0.    -0.    -0.   ]
 [ 0.    -0.     0.     0.    -0.   ]] 
----------------------------------------------------------------------------------------
   Cr1   Cr2   ( -3,   0,   0) -0.0007   (14.030, -10.415,  0.000) 17.473 
J_iso: -0.0007 
Orbital contributions:
 isotropic J:
 [[-0. -0. -0. -0. -0.]
 [-0.  0. -0. -0. -0.]
 [ 0. -0.  0. -0.  0.]
 [-0. -0. -0. -0.  0.]
 [-0. -0.  0.  0.  0.]] 
----------------------------------------------------------------------------------------
   Cr1   Cr2   (  0,  -3,   0) -0.0007   (14.030, 10.415,  0.000) 17.473 
J_iso: -0.0007 
Orbital contributions:
 isotropic J:
 [[-0. -0. -0. -0. -0.]
 [-0.  0. -0. -0. -0.]
 [ 0. -0.  0. -0.  0.]
 [-0. -0. -0. -0.  0.]
 [-0. -0.  0.  0.  0.]] 
----------------------------------------------------------------------------------------
   Cr2   Cr1   (  0,   3,   0) -0.0007   (-14.030, -10.415, -0.000) 17.473 
J_iso: -0.0007 
Orbital contributions:
 isotropic J:
 [[-0. -0.  0. -0. -0.]
 [-0.  0. -0. -0. -0.]
 [-0. -0.  0. -0.  0.]
 [-0. -0. -0. -0.  0.]
 [-0. -0.  0.  0.  0.]] 
----------------------------------------------------------------------------------------
   Cr2   Cr1   (  3,   0,   0) -0.0007   (-14.030, 10.415, -0.000) 17.473 
J_iso: -0.0007 
Orbital contributions:
 isotropic J:
 [[-0. -0.  0. -0. -0.]
 [-0.  0. -0. -0. -0.]
 [-0. -0.  0. -0.  0.]
 [-0. -0. -0. -0.  0.]
 [-0. -0.  0.  0.  0.]] 
----------------------------------------------------------------------------------------
   Cr2   Cr1   ( -2,   0,   0) -0.0007   (16.034, -6.943, -0.000) 17.473 
J_iso: -0.0007 
Orbital contributions:
 isotropic J:
 [[ 0.  0.  0. -0. -0.]
 [ 0.  0. -0. -0.  0.]
 [ 0. -0.  0. -0. -0.]
 [-0. -0. -0. -0. -0.]
 [-0.  0. -0. -0. -0.]] 
----------------------------------------------------------------------------------------
   Cr2   Cr1   (  0,  -2,   0) -0.0007   (16.034,  6.943, -0.000) 17.473 
J_iso: -0.0007 
Orbital contributions:
 isotropic J:
 [[ 0.  0.  0. -0. -0.]
 [ 0.  0. -0. -0.  0.]
 [ 0. -0.  0. -0. -0.]
 [-0. -0. -0. -0. -0.]
 [-0.  0. -0. -0. -0.]] 
----------------------------------------------------------------------------------------
   Cr1   Cr2   (  0,   2,   0) -0.0007   (-16.034, -6.943,  0.000) 17.473 
J_iso: -0.0007 
Orbital contributions:
 isotropic J:
 [[ 0.  0.  0. -0. -0.]
 [ 0.  0. -0. -0.  0.]
 [ 0. -0.  0. -0. -0.]
 [-0. -0. -0. -0. -0.]
 [-0.  0. -0. -0. -0.]] 
----------------------------------------------------------------------------------------
   Cr1   Cr2   (  2,   0,   0) -0.0007   (-16.034,  6.943,  0.000) 17.473 
J_iso: -0.0007 
Orbital contributions:
 isotropic J:
 [[ 0.  0.  0. -0. -0.]
 [ 0.  0. -0. -0.  0.]
 [ 0. -0.  0. -0. -0.]
 [-0. -0. -0. -0. -0.]
 [-0.  0. -0. -0. -0.]] 
----------------------------------------------------------------------------------------
   Cr1   Cr1   ( -2,   3,   0)  0.0002   (-6.013, -17.357,  0.000) 18.369 
J_iso:  0.0002 
Orbital contributions:
 isotropic J:
 [[-0. -0. -0. -0. -0.]
 [ 0. -0. -0.  0. -0.]
 [ 0.  0. -0.  0.  0.]
 [-0.  0.  0.  0.  0.]
 [ 0. -0. -0.  0.  0.]] 
----------------------------------------------------------------------------------------
   Cr2   Cr2   ( -2,   3,   0)  0.0002   (-6.013, -17.357,  0.000) 18.369 
J_iso:  0.0002 
Orbital contributions:
 isotropic J:
 [[-0.  0.  0.  0.  0.]
 [-0. -0.  0.  0.  0.]
 [-0. -0. -0.  0. -0.]
 [-0.  0.  0.  0.  0.]
 [-0. -0. -0.  0. -0.]] 
----------------------------------------------------------------------------------------
   Cr1   Cr1   (  2,  -3,   0)  0.0002   ( 6.013, 17.357,  0.000) 18.369 
J_iso:  0.0002 
Orbital contributions:
 isotropic J:
 [[-0.  0.  0. -0.  0.]
 [-0. -0.  0.  0. -0.]
 [-0. -0. -0.  0. -0.]
 [-0.  0.  0.  0.  0.]
 [-0. -0.  0.  0.  0.]] 
----------------------------------------------------------------------------------------
   Cr2   Cr2   (  2,  -3,   0)  0.0002   ( 6.013, 17.357,  0.000) 18.369 
J_iso:  0.0002 
Orbital contributions:
 isotropic J:
 [[-0. -0. -0. -0. -0.]
 [ 0. -0. -0.  0. -0.]
 [ 0.  0. -0.  0. -0.]
 [ 0.  0.  0.  0.  0.]
 [ 0.  0. -0.  0. -0.]] 
----------------------------------------------------------------------------------------
   Cr1   Cr1   ( -3,   2,   0)  0.0002   ( 6.013, -17.358,  0.000) 18.369 
J_iso:  0.0002 
Orbital contributions:
 isotropic J:
 [[-0.  0.  0.  0.  0.]
 [-0. -0.  0.  0.  0.]
 [-0. -0. -0.  0. -0.]
 [-0.  0.  0.  0.  0.]
 [-0. -0. -0.  0. -0.]] 
----------------------------------------------------------------------------------------
   Cr2   Cr2   ( -3,   2,   0)  0.0002   ( 6.013, -17.358,  0.000) 18.369 
J_iso:  0.0002 
Orbital contributions:
 isotropic J:
 [[-0. -0. -0. -0. -0.]
 [ 0. -0. -0.  0. -0.]
 [ 0.  0. -0.  0.  0.]
