================================================================================
Orbitals for each atom: 
================================================================================
Note: the energies are in meV
Atom 000: 3s 4s 3py 3pz 3px 4py 4pz 4px 3dxy 3dyz 3dz2 3dxz 3dx2-y2 
Atom 001: 3s 4s 3py 3pz 3px 4py 4pz 4px 3dxy 3dyz 3dz2 3dxz 3dx2-y2 
Atom 002: 5s 5py 5pz 5px 5dxy 5dyz 5dz2 5dxz 5dx2-y2 
Atom 003: 5s 5py 5pz 5px 5dxy 5dyz 5dz2 5dxz 5dx2-y2 
Atom 004: 5s 5py 5pz 5px 5dxy 5dyz 5dz2 5dxz 5dx2-y2 
Atom 005: 5s 5py 5pz 5px 5dxy 5dyz 5dz2 5dxz 5dx2-y2 
Atom 006: 5s 5py 5pz 5px 5dxy 5dyz 5dz2 5dxz 5dx2-y2 
Atom 007: 5s 5py 5pz 5px 5dxy 5dyz 5dz2 5dxz 5dx2-y2 
------------------------------------------------------------
Angle 000:   theta=0.00000 phi=0.00000 
 E: -282.83237862 
Atom 000: 150.65969844 
Orbital: [[-0.    ,-0.    , 0.    , 0.    , 0.    ,-0.    ,-0.    ,-0.    , 0.    ,
   0.    , 0.    , 0.    , 0.    ],
 [-0.    ,-0.0002, 0.    , 0.0002, 0.    ,-0.0022,-0.0002,-0.0022,-0.0002,
  -0.0008,-0.0005,-0.0008,-0.0002],
 [ 0.    , 0.    , 0.    ,30.9107,16.4272,-0.0001,-0.3799,-0.3355, 0.    ,
   0.    ,-0.    , 0.    ,-0.    ],
 [ 0.    , 0.0002,30.9107,-0.    ,30.9119,-0.4128, 0.    ,-0.4129, 0.    ,
   0.    ,-0.    , 0.    , 0.    ],
 [ 0.    , 0.    ,16.4272,30.9119, 0.    ,-0.3355,-0.38  ,-0.0001,-0.    ,
   0.    ,-0.    , 0.    , 0.    ],
 [-0.    ,-0.0022,-0.0001,-0.4128,-0.3355,-0.004 , 0.0653, 0.0926, 0.0001,
  -0.0001,-0.0001,-0.0005, 0.0003],
 [-0.    ,-0.0002,-0.3799, 0.    ,-0.38  , 0.0653, 0.0004, 0.0653, 0.    ,
  -0.0002, 0.0002,-0.0002, 0.    ],
 [-0.    ,-0.0022,-0.3355,-0.4129,-0.0001, 0.0926, 0.0653,-0.004 , 0.0003,
  -0.0005,-0.0001,-0.0001, 0.0001],
 [ 0.    ,-0.0002, 0.    , 0.    ,-0.    , 0.0001, 0.    , 0.0003, 0.0066,
  -0.1079, 0.0072,-0.0647,-0.1208],
 [ 0.    ,-0.0008, 0.    , 0.    , 0.    ,-0.0001,-0.0002,-0.0005,-0.1079,
   0.0066,-0.1978,-0.0408,-0.0647],
 [ 0.    ,-0.0005,-0.    ,-0.    ,-0.    ,-0.0001, 0.0002,-0.0001, 0.0072,
  -0.1978, 0.    ,-0.1978, 0.0072],
 [ 0.    ,-0.0008, 0.    , 0.    , 0.    ,-0.0005,-0.0002,-0.0001,-0.0647,
  -0.0408,-0.1978, 0.0067,-0.1079],
 [ 0.    ,-0.0002,-0.    , 0.    , 0.    , 0.0003, 0.    , 0.0001,-0.1208,
  -0.0647, 0.0072,-0.1079, 0.0066]]Diference to the first angle: [[0.,0.,0.,0.,0.,0.,0.,0.,0.,0.,0.,0.,0.],
 [0.,0.,0.,0.,0.,0.,0.,0.,0.,0.,0.,0.,0.],
 [0.,0.,0.,0.,0.,0.,0.,0.,0.,0.,0.,0.,0.],
 [0.,0.,0.,0.,0.,0.,0.,0.,0.,0.,0.,0.,0.],
 [0.,0.,0.,0.,0.,0.,0.,0.,0.,0.,0.,0.,0.],
 [0.,0.,0.,0.,0.,0.,0.,0.,0.,0.,0.,0.,0.],
 [0.,0.,0.,0.,0.,0.,0.,0.,0.,0.,0.,0.,0.],
 [0.,0.,0.,0.,0.,0.,0.,0.,0.,0.,0.,0.,0.],
 [0.,0.,0.,0.,0.,0.,0.,0.,0.,0.,0.,0.,0.],
 [0.,0.,0.,0.,0.,0.,0.,0.,0.,0.,0.,0.,0.],
 [0.,0.,0.,0.,0.,0.,0.,0.,0.,0.,0.,0.,0.],
 [0.,0.,0.,0.,0.,0.,0.,0.,0.,0.,0.,0.,0.],
 [0.,0.,0.,0.,0.,0.,0.,0.,0.,0.,0.,0.,0.]]Atom 001: 150.65494439 
Orbital: [[-0.    , 0.    ,-0.    ,-0.    ,-0.    , 0.    , 0.    , 0.    ,-0.    ,
  -0.    ,-0.    ,-0.    ,-0.    ],
 [ 0.    ,-0.0002, 0.    , 0.0002, 0.    ,-0.0022,-0.0002,-0.0022,-0.0002,
  -0.0008,-0.0005,-0.0008,-0.0002],
 [-0.    , 0.    , 0.    ,30.9115,16.4233,-0.0001,-0.38  ,-0.3355, 0.    ,
   0.    ,-0.    , 0.    ,-0.    ],
 [-0.    , 0.0002,30.9115,-0.    ,30.9127,-0.4128, 0.    ,-0.4129, 0.    ,
   0.    ,-0.    , 0.    , 0.    ],
 [-0.    , 0.    ,16.4233,30.9127, 0.    ,-0.3355,-0.38  ,-0.0001,-0.    ,
   0.    ,-0.    , 0.    , 0.    ],
 [ 0.    ,-0.0022,-0.0001,-0.4128,-0.3355,-0.004 , 0.0653, 0.0926, 0.0001,
  -0.0001,-0.0001,-0.0005, 0.0003],
 [ 0.    ,-0.0002,-0.38  , 0.    ,-0.38  , 0.0653, 0.0004, 0.0653, 0.    ,
  -0.0002, 0.0002,-0.0002, 0.    ],
 [ 0.    ,-0.0022,-0.3355,-0.4129,-0.0001, 0.0926, 0.0653,-0.004 , 0.0003,
  -0.0005,-0.0001,-0.0001, 0.0001],
 [-0.    ,-0.0002, 0.    , 0.    ,-0.    , 0.0001, 0.    , 0.0003, 0.0066,
  -0.1079, 0.0072,-0.0647,-0.1208],
 [-0.    ,-0.0008, 0.    , 0.    , 0.    ,-0.0001,-0.0002,-0.0005,-0.1079,
   0.0066,-0.1978,-0.0408,-0.0647],
 [-0.    ,-0.0005,-0.    ,-0.    ,-0.    ,-0.0001, 0.0002,-0.0001, 0.0072,
  -0.1978, 0.    ,-0.1978, 0.0072],
 [-0.    ,-0.0008, 0.    , 0.    , 0.    ,-0.0005,-0.0002,-0.0001,-0.0647,
  -0.0408,-0.1978, 0.0067,-0.1079],
 [-0.    ,-0.0002,-0.    , 0.    , 0.    , 0.0003, 0.    , 0.0001,-0.1208,
  -0.0647, 0.0072,-0.1079, 0.0066]]Diference to the first angle: [[0.,0.,0.,0.,0.,0.,0.,0.,0.,0.,0.,0.,0.],
 [0.,0.,0.,0.,0.,0.,0.,0.,0.,0.,0.,0.,0.],
 [0.,0.,0.,0.,0.,0.,0.,0.,0.,0.,0.,0.,0.],
 [0.,0.,0.,0.,0.,0.,0.,0.,0.,0.,0.,0.,0.],
 [0.,0.,0.,0.,0.,0.,0.,0.,0.,0.,0.,0.,0.],
 [0.,0.,0.,0.,0.,0.,0.,0.,0.,0.,0.,0.,0.],
 [0.,0.,0.,0.,0.,0.,0.,0.,0.,0.,0.,0.,0.],
 [0.,0.,0.,0.,0.,0.,0.,0.,0.,0.,0.,0.,0.],
 [0.,0.,0.,0.,0.,0.,0.,0.,0.,0.,0.,0.,0.],
 [0.,0.,0.,0.,0.,0.,0.,0.,0.,0.,0.,0.,0.],
 [0.,0.,0.,0.,0.,0.,0.,0.,0.,0.,0.,0.,0.],
 [0.,0.,0.,0.,0.,0.,0.,0.,0.,0.,0.,0.,0.],
 [0.,0.,0.,0.,0.,0.,0.,0.,0.,0.,0.,0.,0.]]Atom 002: -111.24700733 
Orbital: [[ -0.    ,  0.    ,  0.    ,  0.    ,  0.    ,  0.    ,  0.    , -0.    ,
    0.    ],
 [  0.    , -0.9794,-18.1468,-18.4555, -0.0001,  0.0003, -0.0006, -0.0005,
   -0.0002],
 [  0.    ,-18.1468, -0.912 ,-17.3521,  0.0004, -0.001 ,  0.0008, -0.0002,
    0.0009],
 [  0.    ,-18.4555,-17.3521, -1.4327,  0.0001, -0.0001,  0.0002,  0.0007,
   -0.    ],
 [  0.    , -0.0001,  0.0004,  0.0001, -0.    , -0.0007, -0.    , -0.0004,
   -0.0024],
 [  0.    ,  0.0003, -0.001 , -0.0001, -0.0007,  0.    , -0.0013, -0.0005,
   -0.0006],
 [  0.    , -0.0006,  0.0008,  0.0002, -0.    , -0.0013,  0.    , -0.0015,
   -0.    ],
 [ -0.    , -0.0005, -0.0002,  0.0007, -0.0004, -0.0005, -0.0015, -0.    ,
   -0.0004],
 [  0.    , -0.0002,  0.0009, -0.    , -0.0024, -0.0006, -0.    , -0.0004,
    0.    ]]Diference to the first angle: [[0.,0.,0.,0.,0.,0.,0.,0.,0.],
 [0.,0.,0.,0.,0.,0.,0.,0.,0.],
 [0.,0.,0.,0.,0.,0.,0.,0.,0.],
 [0.,0.,0.,0.,0.,0.,0.,0.,0.],
 [0.,0.,0.,0.,0.,0.,0.,0.,0.],
 [0.,0.,0.,0.,0.,0.,0.,0.,0.],
 [0.,0.,0.,0.,0.,0.,0.,0.,0.],
 [0.,0.,0.,0.,0.,0.,0.,0.,0.],
 [0.,0.,0.,0.,0.,0.,0.,0.,0.]]Atom 003: -111.24701162 
Orbital: [[ -0.    ,  0.    ,  0.    ,  0.    ,  0.    , -0.    ,  0.    ,  0.    ,
    0.    ],
 [  0.    , -0.9794,-18.1652,-18.4555,  0.    ,  0.0002,  0.0001, -0.0001,
   -0.0002],
 [  0.    ,-18.1652, -0.9121,-17.3337,  0.0006, -0.0008,  0.0008, -0.0004,
    0.0007],
 [  0.    ,-18.4555,-17.3337, -1.4327, -0.    , -0.0001, -0.0005,  0.0004,
    0.    ],
 [  0.    ,  0.    ,  0.0006, -0.    ,  0.    , -0.0004, -0.    , -0.0007,
   -0.0024],
 [ -0.    ,  0.0002, -0.0008, -0.0001, -0.0004, -0.    , -0.0017, -0.0005,
   -0.0006],
 [  0.    ,  0.0001,  0.0008, -0.0005, -0.    , -0.0017,  0.    , -0.0011,
   -0.    ],
 [  0.    , -0.0001, -0.0004,  0.0004, -0.0007, -0.0005, -0.0011,  0.    ,
   -0.0005],
 [  0.    , -0.0002,  0.0007,  0.    , -0.0024, -0.0006, -0.    , -0.0005,
   -0.    ]]Diference to the first angle: [[0.,0.,0.,0.,0.,0.,0.,0.,0.],
 [0.,0.,0.,0.,0.,0.,0.,0.,0.],
 [0.,0.,0.,0.,0.,0.,0.,0.,0.],
 [0.,0.,0.,0.,0.,0.,0.,0.,0.],
 [0.,0.,0.,0.,0.,0.,0.,0.,0.],
 [0.,0.,0.,0.,0.,0.,0.,0.,0.],
 [0.,0.,0.,0.,0.,0.,0.,0.,0.],
 [0.,0.,0.,0.,0.,0.,0.,0.,0.],
 [0.,0.,0.,0.,0.,0.,0.,0.,0.]]Atom 004: -111.24639829 
Orbital: [[ -0.    ,  0.    ,  0.    ,  0.    ,  0.    ,  0.    ,  0.    , -0.    ,
    0.    ],
 [  0.    , -0.8842,-16.9363,-19.2306, -0.0003,  0.0006, -0.0001,  0.0001,
    0.0005],
 [  0.    ,-16.9363, -0.9119,-18.5624,  0.0009, -0.0001,  0.0008, -0.0011,
    0.0003],
 [  0.    ,-19.2306,-18.5624,  0.0224,  0.    , -0.0003, -0.0003,  0.    ,
   -0.0004],
 [  0.    , -0.0003,  0.0009,  0.    ,  0.    , -0.0005, -0.    , -0.0006,
   -0.0024],
 [  0.    ,  0.0006, -0.0001, -0.0003, -0.0005,  0.    , -0.0012, -0.0005,
   -0.0004],
 [  0.    , -0.0001,  0.0008, -0.0003, -0.    , -0.0012,  0.    , -0.0016,
   -0.    ],
 [ -0.    ,  0.0001, -0.0011,  0.    , -0.0006, -0.0005, -0.0016,  0.    ,
   -0.0007],
 [  0.    ,  0.0005,  0.0003, -0.0004, -0.0024, -0.0004, -0.    , -0.0007,
   -0.    ]]Diference to the first angle: [[0.,0.,0.,0.,0.,0.,0.,0.,0.],
 [0.,0.,0.,0.,0.,0.,0.,0.,0.],
 [0.,0.,0.,0.,0.,0.,0.,0.,0.],
 [0.,0.,0.,0.,0.,0.,0.,0.,0.],
 [0.,0.,0.,0.,0.,0.,0.,0.,0.],
 [0.,0.,0.,0.,0.,0.,0.,0.,0.],
 [0.,0.,0.,0.,0.,0.,0.,0.,0.],
 [0.,0.,0.,0.,0.,0.,0.,0.,0.],
 [0.,0.,0.,0.,0.,0.,0.,0.,0.]]Atom 005: -111.24639458 
Orbital: [[ -0.    ,  0.    ,  0.    ,  0.    ,  0.    ,  0.    ,  0.    , -0.    ,
    0.    ],
 [  0.    , -0.8842,-16.9362,-19.2306, -0.0003,  0.0006, -0.0001,  0.0001,
    0.0005],
 [  0.    ,-16.9362, -0.9119,-18.5625,  0.0009, -0.0001,  0.0008, -0.0011,
    0.0003],
 [  0.    ,-19.2306,-18.5625,  0.0224,  0.    , -0.0003, -0.0003,  0.    ,
   -0.0004],
 [  0.    , -0.0003,  0.0009,  0.    ,  0.    , -0.0005, -0.    , -0.0006,
   -0.0024],
 [  0.    ,  0.0006, -0.0001, -0.0003, -0.0005,  0.    , -0.0012, -0.0005,
   -0.0004],
 [  0.    , -0.0001,  0.0008, -0.0003, -0.    , -0.0012,  0.    , -0.0016,
   -0.    ],
 [ -0.    ,  0.0001, -0.0011,  0.    , -0.0006, -0.0005, -0.0016,  0.    ,
   -0.0007],
 [  0.    ,  0.0005,  0.0003, -0.0004, -0.0024, -0.0004, -0.    , -0.0007,
   -0.    ]]Diference to the first angle: [[0.,0.,0.,0.,0.,0.,0.,0.,0.],
 [0.,0.,0.,0.,0.,0.,0.,0.,0.],
 [0.,0.,0.,0.,0.,0.,0.,0.,0.],
 [0.,0.,0.,0.,0.,0.,0.,0.,0.],
 [0.,0.,0.,0.,0.,0.,0.,0.,0.],
 [0.,0.,0.,0.,0.,0.,0.,0.,0.],
 [0.,0.,0.,0.,0.,0.,0.,0.,0.],
 [0.,0.,0.,0.,0.,0.,0.,0.,0.],
 [0.,0.,0.,0.,0.,0.,0.,0.,0.]]Atom 006: -111.24701426 
Orbital: [[ -0.    ,  0.    ,  0.    ,  0.    ,  0.    , -0.    ,  0.    ,  0.    ,
    0.    ],
 [  0.    , -0.9794,-18.1652,-18.4555,  0.    ,  0.0002,  0.0001, -0.0001,
   -0.0002],
 [  0.    ,-18.1652, -0.9121,-17.3337,  0.0006, -0.0008,  0.0008, -0.0004,
    0.0007],
 [  0.    ,-18.4555,-17.3337, -1.4327, -0.    , -0.0001, -0.0005,  0.0004,
    0.    ],
 [  0.    ,  0.    ,  0.0006, -0.    ,  0.    , -0.0004, -0.    , -0.0007,
   -0.0024],
 [ -0.    ,  0.0002, -0.0008, -0.0001, -0.0004, -0.    , -0.0017, -0.0005,
   -0.0006],
 [  0.    ,  0.0001,  0.0008, -0.0005, -0.    , -0.0017,  0.    , -0.0011,
   -0.    ],
 [  0.    , -0.0001, -0.0004,  0.0004, -0.0007, -0.0005, -0.0011,  0.    ,
   -0.0005],
 [  0.    , -0.0002,  0.0007,  0.    , -0.0024, -0.0006, -0.    , -0.0005,
   -0.    ]]Diference to the first angle: [[0.,0.,0.,0.,0.,0.,0.,0.,0.],
 [0.,0.,0.,0.,0.,0.,0.,0.,0.],
 [0.,0.,0.,0.,0.,0.,0.,0.,0.],
 [0.,0.,0.,0.,0.,0.,0.,0.,0.],
 [0.,0.,0.,0.,0.,0.,0.,0.,0.],
 [0.,0.,0.,0.,0.,0.,0.,0.,0.],
 [0.,0.,0.,0.,0.,0.,0.,0.,0.],
 [0.,0.,0.,0.,0.,0.,0.,0.,0.],
 [0.,0.,0.,0.,0.,0.,0.,0.,0.]]Atom 007: -111.24700472 
Orbital: [[ -0.    ,  0.    ,  0.    ,  0.    ,  0.    ,  0.    ,  0.    , -0.    ,
    0.    ],
 [  0.    , -0.9795,-18.1469,-18.4556, -0.0001,  0.0003, -0.0006, -0.0005,
   -0.0002],
 [  0.    ,-18.1469, -0.9119,-17.352 ,  0.0004, -0.001 ,  0.0008, -0.0002,
    0.0009],
 [  0.    ,-18.4556,-17.352 , -1.4327,  0.0001, -0.0001,  0.0002,  0.0007,
   -0.    ],
 [  0.    , -0.0001,  0.0004,  0.0001, -0.    , -0.0007, -0.    , -0.0004,
   -0.0024],
 [  0.    ,  0.0003, -0.001 , -0.0001, -0.0007,  0.    , -0.0013, -0.0005,
   -0.0006],
 [  0.    , -0.0006,  0.0008,  0.0002, -0.    , -0.0013,  0.    , -0.0015,
   -0.    ],
 [ -0.    , -0.0005, -0.0002,  0.0007, -0.0004, -0.0005, -0.0015, -0.    ,
   -0.0004],
 [  0.    , -0.0002,  0.0009, -0.    , -0.0024, -0.0006, -0.    , -0.0004,
    0.    ]]Diference to the first angle: [[0.,0.,0.,0.,0.,0.,0.,0.,0.],
 [0.,0.,0.,0.,0.,0.,0.,0.,0.],
 [0.,0.,0.,0.,0.,0.,0.,0.,0.],
 [0.,0.,0.,0.,0.,0.,0.,0.,0.],
 [0.,0.,0.,0.,0.,0.,0.,0.,0.],
 [0.,0.,0.,0.,0.,0.,0.,0.,0.],
 [0.,0.,0.,0.,0.,0.,0.,0.,0.],
 [0.,0.,0.,0.,0.,0.,0.,0.,0.],
 [0.,0.,0.,0.,0.,0.,0.,0.,0.]]
------------------------------------------------------------
Angle 001:   theta=0.20944 phi=0.00000 
 E: -282.55308557 
Atom 000: 150.75325716 
Orbital: [[-0.    ,-0.    , 0.    , 0.    , 0.    ,-0.    ,-0.    ,-0.    , 0.    ,
   0.    , 0.    , 0.    , 0.    ],
 [-0.    ,-0.0003,-0.    , 0.0002, 0.    ,-0.0023,-0.0002,-0.0022,-0.0002,
  -0.0008,-0.0005,-0.0008,-0.0002],
 [ 0.    ,-0.    , 0.    ,30.3297,17.0564,-0.0001,-0.3771,-0.339 , 0.    ,
   0.    ,-0.    , 0.    ,-0.    ],
 [ 0.    , 0.0002,30.3297,-0.    ,30.9121,-0.4096, 0.    ,-0.4129, 0.    ,
   0.    ,-0.    , 0.    , 0.    ],
 [ 0.    , 0.    ,17.0564,30.9121, 0.    ,-0.339 ,-0.38  ,-0.0001,-0.    ,
   0.    ,-0.    , 0.0001, 0.    ],
 [-0.    ,-0.0023,-0.0001,-0.4096,-0.339 ,-0.004 , 0.0653, 0.0926, 0.0001,
  -0.0002,-0.0001,-0.0005, 0.0003],
 [-0.    ,-0.0002,-0.3771, 0.    ,-0.38  , 0.0653, 0.0004, 0.0654, 0.    ,
  -0.0002, 0.0002,-0.0002, 0.0001],
 [-0.    ,-0.0022,-0.339 ,-0.4129,-0.0001, 0.0926, 0.0654,-0.004 , 0.0004,
  -0.0005,-0.0001,-0.0001, 0.    ],
 [ 0.    ,-0.0002, 0.    , 0.    ,-0.    , 0.0001, 0.    , 0.0004, 0.0055,
  -0.1029, 0.0072,-0.0639,-0.1276],
 [ 0.    ,-0.0008, 0.    , 0.    , 0.    ,-0.0002,-0.0002,-0.0005,-0.1029,
   0.0055,-0.195 ,-0.0412,-0.0639],
 [ 0.    ,-0.0005,-0.    ,-0.    ,-0.    ,-0.0001, 0.0002,-0.0001, 0.0072,
  -0.195 , 0.    ,-0.1978, 0.0065],
 [ 0.    ,-0.0008, 0.    , 0.    , 0.0001,-0.0005,-0.0002,-0.0001,-0.0639,
  -0.0412,-0.1978, 0.0054,-0.1078],
 [ 0.    ,-0.0002,-0.    , 0.    , 0.    , 0.0003, 0.0001, 0.    ,-0.1276,
  -0.0639, 0.0065,-0.1078, 0.0054]]Diference to the first angle: [[ 0.    , 0.    , 0.    ,-0.    ,-0.    , 0.    , 0.    , 0.    ,-0.    ,
   0.    ,-0.    ,-0.    ,-0.    ],
 [ 0.    ,-0.    ,-0.    , 0.    , 0.    ,-0.0001,-0.    , 0.    ,-0.    ,
   0.0001, 0.    , 0.    ,-0.    ],
 [ 0.    ,-0.    ,-0.    ,-0.581 , 0.6292, 0.    , 0.0028,-0.0035,-0.    ,
  -0.    ,-0.    , 0.    ,-0.    ],
 [-0.    , 0.    ,-0.581 ,-0.    , 0.0002, 0.0032,-0.    ,-0.    , 0.    ,
   0.    , 0.    ,-0.    ,-0.    ],
 [-0.    , 0.    , 0.6292, 0.0002,-0.    ,-0.0035,-0.    , 0.    ,-0.    ,
  -0.    , 0.    , 0.    , 0.    ],
 [ 0.    ,-0.0001, 0.    , 0.0032,-0.0035,-0.    ,-0.    , 0.    ,-0.    ,
  -0.    ,-0.    , 0.    ,-0.    ],
 [ 0.    ,-0.    , 0.0028,-0.    ,-0.    ,-0.    , 0.    , 0.    ,-0.    ,
  -0.    ,-0.    , 0.    , 0.    ],
 [ 0.    , 0.    ,-0.0035,-0.    , 0.    , 0.    , 0.    ,-0.    , 0.    ,
   0.    , 0.    , 0.    ,-0.    ],
 [-0.    ,-0.    ,-0.    , 0.    ,-0.    ,-0.    ,-0.    , 0.    ,-0.0011,
   0.0051, 0.    , 0.0008,-0.0069],
 [ 0.    , 0.0001,-0.    , 0.    ,-0.    ,-0.    ,-0.    , 0.    , 0.0051,
  -0.0011, 0.0028,-0.0004, 0.0008],
 [-0.    , 0.    ,-0.    , 0.    , 0.    ,-0.    ,-0.    , 0.    , 0.    ,
   0.0028, 0.    ,-0.    ,-0.0006],
 [-0.    , 0.    , 0.    ,-0.    , 0.    , 0.    , 0.    , 0.    , 0.0008,
  -0.0004,-0.    ,-0.0012, 0.0001],
 [-0.    ,-0.    ,-0.    ,-0.    , 0.    ,-0.    , 0.    ,-0.    ,-0.0069,
   0.0008,-0.0006, 0.0001,-0.0012]]Atom 001: 150.74848064 
Orbital: [[-0.    , 0.    ,-0.    ,-0.    ,-0.    , 0.    , 0.    , 0.    ,-0.    ,
  -0.    ,-0.    ,-0.    ,-0.    ],
 [ 0.    ,-0.0003,-0.    , 0.0002, 0.    ,-0.0023,-0.0002,-0.0022,-0.0002,
  -0.0008,-0.0005,-0.0008,-0.0002],
 [-0.    ,-0.    , 0.    ,30.3303,17.0527,-0.0001,-0.3771,-0.339 , 0.    ,
   0.    ,-0.    , 0.    ,-0.    ],
 [-0.    , 0.0002,30.3303,-0.    ,30.9129,-0.4097, 0.    ,-0.4129, 0.    ,
   0.    ,-0.    , 0.    , 0.    ],
 [-0.    , 0.    ,17.0527,30.9129, 0.    ,-0.339 ,-0.38  ,-0.0001,-0.    ,
   0.    ,-0.    , 0.0001, 0.    ],
 [ 0.    ,-0.0023,-0.0001,-0.4097,-0.339 ,-0.004 , 0.0653, 0.0926, 0.0001,
  -0.0002,-0.0001,-0.0005, 0.0003],
 [ 0.    ,-0.0002,-0.3771, 0.    ,-0.38  , 0.0653, 0.0004, 0.0654, 0.    ,
  -0.0002, 0.0002,-0.0002, 0.0001],
 [ 0.    ,-0.0022,-0.339 ,-0.4129,-0.0001, 0.0926, 0.0654,-0.004 , 0.0004,
  -0.0005,-0.0001,-0.0001, 0.    ],
 [-0.    ,-0.0002, 0.    , 0.    ,-0.    , 0.0001, 0.    , 0.0004, 0.0055,
  -0.1029, 0.0072,-0.0639,-0.1276],
 [-0.    ,-0.0008, 0.    , 0.    , 0.    ,-0.0002,-0.0002,-0.0005,-0.1029,
   0.0055,-0.195 ,-0.0412,-0.0639],
 [-0.    ,-0.0005,-0.    ,-0.    ,-0.    ,-0.0001, 0.0002,-0.0001, 0.0072,
  -0.195 , 0.    ,-0.1978, 0.0065],
 [-0.    ,-0.0008, 0.    , 0.    , 0.0001,-0.0005,-0.0002,-0.0001,-0.0639,
  -0.0412,-0.1978, 0.0054,-0.1078],
 [-0.    ,-0.0002,-0.    , 0.    , 0.    , 0.0003, 0.0001, 0.    ,-0.1276,
  -0.0639, 0.0065,-0.1078, 0.0054]]Diference to the first angle: [[ 0.    ,-0.    ,-0.    , 0.    , 0.    ,-0.    ,-0.    ,-0.    , 0.    ,
  -0.    , 0.    , 0.    , 0.    ],
 [-0.    ,-0.    ,-0.    , 0.    , 0.    ,-0.0001,-0.    , 0.    ,-0.    ,
   0.0001, 0.    , 0.    ,-0.    ],
 [-0.    ,-0.    ,-0.    ,-0.5812, 0.6294, 0.    , 0.0028,-0.0035,-0.    ,
  -0.    ,-0.    , 0.    ,-0.    ],
 [ 0.    , 0.    ,-0.5812,-0.    , 0.0002, 0.0032,-0.    ,-0.    , 0.    ,
   0.    , 0.    ,-0.    ,-0.    ],
 [ 0.    , 0.    , 0.6294, 0.0002,-0.    ,-0.0035,-0.    , 0.    ,-0.    ,
  -0.    , 0.    , 0.    , 0.    ],
 [-0.    ,-0.0001, 0.    , 0.0032,-0.0035,-0.    ,-0.    , 0.    ,-0.    ,
  -0.    ,-0.    , 0.    ,-0.    ],
 [-0.    ,-0.    , 0.0028,-0.    ,-0.    ,-0.    , 0.    , 0.    ,-0.    ,
  -0.    ,-0.    , 0.    , 0.    ],
 [-0.    , 0.    ,-0.0035,-0.    , 0.    , 0.    , 0.    ,-0.    , 0.    ,
   0.    , 0.    , 0.    ,-0.    ],
 [ 0.    ,-0.    ,-0.    , 0.    ,-0.    ,-0.    ,-0.    , 0.    ,-0.0011,
   0.0051, 0.    , 0.0008,-0.0069],
 [-0.    , 0.0001,-0.    , 0.    ,-0.    ,-0.    ,-0.    , 0.    , 0.0051,
  -0.0011, 0.0028,-0.0004, 0.0008],
 [ 0.    , 0.    ,-0.    , 0.    , 0.    ,-0.    ,-0.    , 0.    , 0.    ,
   0.0028, 0.    ,-0.    ,-0.0006],
 [ 0.    , 0.    , 0.    ,-0.    , 0.    , 0.    , 0.    , 0.    , 0.0008,
  -0.0004,-0.    ,-0.0012, 0.0001],
 [ 0.    ,-0.    ,-0.    ,-0.    , 0.    ,-0.    , 0.    ,-0.    ,-0.0069,
   0.0008,-0.0006, 0.0001,-0.0012]]Atom 002: -111.61817314 
Orbital: [[ -0.    ,  0.    ,  0.    ,  0.    ,  0.    ,  0.    ,  0.    , -0.    ,
    0.    ],
 [  0.    , -1.0329,-18.2098,-18.5121, -0.0001,  0.0003, -0.0006, -0.0005,
   -0.0002],
 [  0.    ,-18.2098, -0.9163,-17.3864,  0.0004, -0.001 ,  0.0008, -0.0003,
    0.0008],
 [  0.    ,-18.5121,-17.3864, -1.438 ,  0.0001, -0.    ,  0.0002,  0.0007,
    0.    ],
 [  0.    , -0.0001,  0.0004,  0.0001, -0.    , -0.0007, -0.    , -0.0004,
   -0.0024],
 [  0.    ,  0.0003, -0.001 , -0.    , -0.0007,  0.    , -0.0013, -0.0005,
   -0.0006],
 [  0.    , -0.0006,  0.0008,  0.0002, -0.    , -0.0013,  0.    , -0.0015,
   -0.    ],
 [ -0.    , -0.0005, -0.0003,  0.0007, -0.0004, -0.0005, -0.0015, -0.    ,
   -0.0005],
 [  0.    , -0.0002,  0.0008,  0.    , -0.0024, -0.0006, -0.    , -0.0005,
    0.    ]]Diference to the first angle: [[-0.    , 0.    ,-0.    ,-0.    ,-0.    , 0.    ,-0.    , 0.    ,-0.    ],
 [ 0.    ,-0.0535,-0.063 ,-0.0566,-0.    ,-0.    ,-0.    ,-0.0001, 0.    ],
 [-0.    ,-0.063 ,-0.0044,-0.0343, 0.    ,-0.    ,-0.    ,-0.    ,-0.0001],
 [-0.    ,-0.0566,-0.0343,-0.0053,-0.    , 0.    ,-0.    , 0.    , 0.    ],
 [-0.    ,-0.    , 0.    ,-0.    ,-0.    ,-0.    ,-0.    ,-0.    , 0.    ],
 [ 0.    ,-0.    ,-0.    , 0.    ,-0.    , 0.    ,-0.    , 0.    , 0.    ],
 [-0.    ,-0.    ,-0.    ,-0.    ,-0.    ,-0.    , 0.    , 0.    ,-0.    ],
 [ 0.    ,-0.0001,-0.    , 0.    ,-0.    , 0.    , 0.    , 0.    ,-0.    ],
 [-0.    , 0.    ,-0.0001, 0.    , 0.    , 0.    ,-0.    ,-0.    , 0.    ]]Atom 003: -110.81384667 
Orbital: [[ -0.    ,  0.    ,  0.    ,  0.    ,  0.    , -0.    ,  0.    ,  0.    ,
    0.    ],
 [  0.    , -0.9152,-18.0849,-18.3707, -0.0001,  0.0003,  0.0002, -0.0001,
   -0.0002],
 [  0.    ,-18.0849, -0.9164,-17.3095,  0.0006, -0.0008,  0.0008, -0.0004,
    0.0006],
 [  0.    ,-18.3707,-17.3095, -1.438 , -0.    ,  0.    , -0.0004,  0.0004,
    0.    ],
 [  0.    , -0.0001,  0.0006, -0.    ,  0.    , -0.0004, -0.    , -0.0007,
   -0.0024],
 [ -0.    ,  0.0003, -0.0008,  0.    , -0.0004, -0.    , -0.0016, -0.0005,
   -0.0006],
 [  0.    ,  0.0002,  0.0008, -0.0004, -0.    , -0.0016,  0.    , -0.0011,
   -0.    ],
 [  0.    , -0.0001, -0.0004,  0.0004, -0.0007, -0.0005, -0.0011,  0.    ,
   -0.0005],
 [  0.    , -0.0002,  0.0006,  0.    , -0.0024, -0.0006, -0.    , -0.0005,
   -0.    ]]Diference to the first angle: [[ 0.    ,-0.    , 0.    , 0.    ,-0.    , 0.    ,-0.    , 0.    ,-0.    ],
 [-0.    , 0.0642, 0.0803, 0.0848,-0.0001, 0.    , 0.0001,-0.    , 0.    ],
 [ 0.    , 0.0803,-0.0044, 0.0242, 0.    ,-0.    ,-0.    , 0.    ,-0.0001],
 [ 0.    , 0.0848, 0.0242,-0.0053, 0.    , 0.0001, 0.0001,-0.    ,-0.    ],
 [-0.    ,-0.0001, 0.    , 0.    ,-0.    ,-0.    ,-0.    , 0.    , 0.    ],
 [ 0.    , 0.    ,-0.    , 0.0001,-0.    , 0.    , 0.    , 0.    , 0.    ],
 [-0.    , 0.0001,-0.    , 0.0001,-0.    , 0.    ,-0.    ,-0.    ,-0.    ],
 [ 0.    ,-0.    , 0.    ,-0.    , 0.    , 0.    ,-0.    , 0.    ,-0.    ],
 [-0.    , 0.    ,-0.0001,-0.    , 0.    , 0.    ,-0.    ,-0.    , 0.    ]]Atom 004: -111.28042703 
Orbital: [[ -0.    ,  0.    ,  0.    ,  0.    ,  0.    ,  0.    ,  0.    , -0.    ,
    0.    ],
 [  0.    , -0.9017,-16.9531,-19.2093, -0.0003,  0.0006, -0.0001,  0.0001,
    0.0005],
 [  0.    ,-16.9531, -0.9293,-18.5666,  0.001 , -0.0001,  0.0008, -0.0011,
    0.0003],
 [  0.    ,-19.2093,-18.5666,  0.0226,  0.    , -0.0003, -0.0004,  0.    ,
   -0.0003],
 [  0.    , -0.0003,  0.001 ,  0.    ,  0.    , -0.0005, -0.    , -0.0006,
   -0.0025],
 [  0.    ,  0.0006, -0.0001, -0.0003, -0.0005,  0.    , -0.0012, -0.0005,
   -0.0004],
 [  0.    , -0.0001,  0.0008, -0.0004, -0.    , -0.0012,  0.    , -0.0016,
   -0.    ],
 [ -0.    ,  0.0001, -0.0011,  0.    , -0.0006, -0.0005, -0.0016,  0.    ,
   -0.0007],
 [  0.    ,  0.0005,  0.0003, -0.0003, -0.0025, -0.0004, -0.    , -0.0007,
   -0.    ]]Diference to the first angle: [[-0.    ,-0.    ,-0.    , 0.    , 0.    ,-0.    , 0.    ,-0.    , 0.    ],
 [-0.    ,-0.0175,-0.0169, 0.0213, 0.    ,-0.    , 0.    , 0.    ,-0.    ],
 [-0.    ,-0.0169,-0.0174,-0.0042, 0.0001, 0.    ,-0.    , 0.    ,-0.    ],
 [ 0.    , 0.0213,-0.0042, 0.0003,-0.    ,-0.    ,-0.0002,-0.    , 0.0001],
 [ 0.    , 0.    , 0.0001,-0.    , 0.    , 0.    , 0.    , 0.    ,-0.    ],
 [-0.    ,-0.    , 0.    ,-0.    , 0.    ,-0.    , 0.    ,-0.    , 0.    ],
 [ 0.    , 0.    ,-0.    ,-0.0002, 0.    , 0.    , 0.    , 0.    ,-0.    ],
 [-0.    , 0.    , 0.    ,-0.    , 0.    ,-0.    , 0.    , 0.    , 0.    ],
 [ 0.    ,-0.    ,-0.    , 0.0001,-0.    , 0.    ,-0.    , 0.    ,-0.    ]]Atom 005: -111.28039509 
Orbital: [[ -0.    ,  0.    ,  0.    ,  0.    ,  0.    ,  0.    ,  0.    , -0.    ,
    0.    ],
 [  0.    , -0.9017,-16.9531,-19.2093, -0.0003,  0.0006, -0.0001,  0.0001,
    0.0005],
 [  0.    ,-16.9531, -0.9293,-18.5667,  0.001 , -0.0001,  0.0008, -0.0011,
    0.0003],
 [  0.    ,-19.2093,-18.5667,  0.0226,  0.    , -0.0003, -0.0004,  0.    ,
   -0.0003],
 [  0.    , -0.0003,  0.001 ,  0.    ,  0.    , -0.0005, -0.    , -0.0006,
   -0.0025],
 [  0.    ,  0.0006, -0.0001, -0.0003, -0.0005,  0.    , -0.0012, -0.0005,
   -0.0004],
 [  0.    , -0.0001,  0.0008, -0.0004, -0.    , -0.0012,  0.    , -0.0016,
   -0.    ],
 [ -0.    ,  0.0001, -0.0011,  0.    , -0.0006, -0.0005, -0.0016,  0.    ,
   -0.0007],
 [  0.    ,  0.0005,  0.0003, -0.0003, -0.0025, -0.0004, -0.    , -0.0007,
   -0.    ]]Diference to the first angle: [[-0.    ,-0.    ,-0.    , 0.    , 0.    ,-0.    , 0.    ,-0.    , 0.    ],
 [-0.    ,-0.0175,-0.0169, 0.0213, 0.    ,-0.    , 0.    , 0.    ,-0.    ],
 [-0.    ,-0.0169,-0.0174,-0.0042, 0.0001, 0.    ,-0.    , 0.    ,-0.    ],
 [ 0.    , 0.0213,-0.0042, 0.0003,-0.    ,-0.    ,-0.0002,-0.    , 0.0001],
 [ 0.    , 0.    , 0.0001,-0.    , 0.    , 0.    , 0.    , 0.    ,-0.    ],
 [-0.    ,-0.    , 0.    ,-0.    , 0.    ,-0.    , 0.    ,-0.    , 0.    ],
 [ 0.    , 0.    ,-0.    ,-0.0002, 0.    , 0.    , 0.    , 0.    ,-0.    ],
 [-0.    , 0.    , 0.    ,-0.    , 0.    ,-0.    , 0.    , 0.    , 0.    ],
 [ 0.    ,-0.    ,-0.    , 0.0001,-0.    , 0.    ,-0.    , 0.    ,-0.    ]]Atom 006: -110.81383709 
Orbital: [[ -0.    ,  0.    ,  0.    ,  0.    ,  0.    , -0.    ,  0.    ,  0.    ,
    0.    ],
 [  0.    , -0.9152,-18.0849,-18.3707, -0.0001,  0.0003,  0.0002, -0.0001,
   -0.0002],
 [  0.    ,-18.0849, -0.9165,-17.3095,  0.0006, -0.0008,  0.0008, -0.0004,
    0.0006],
 [  0.    ,-18.3707,-17.3095, -1.438 , -0.    ,  0.    , -0.0004,  0.0004,
    0.    ],
 [  0.    , -0.0001,  0.0006, -0.    ,  0.    , -0.0004, -0.    , -0.0007,
   -0.0024],
 [ -0.    ,  0.0003, -0.0008,  0.    , -0.0004, -0.    , -0.0016, -0.0005,
   -0.0006],
 [  0.    ,  0.0002,  0.0008, -0.0004, -0.    , -0.0016,  0.    , -0.0011,
   -0.    ],
 [  0.    , -0.0001, -0.0004,  0.0004, -0.0007, -0.0005, -0.0011,  0.    ,
   -0.0005],
 [  0.    , -0.0002,  0.0006,  0.    , -0.0024, -0.0006, -0.    , -0.0005,
   -0.    ]]Diference to the first angle: [[ 0.    ,-0.    , 0.    , 0.    ,-0.    , 0.    ,-0.    , 0.    ,-0.    ],
 [-0.    , 0.0642, 0.0803, 0.0848,-0.0001, 0.    , 0.0001,-0.    , 0.    ],
 [ 0.    , 0.0803,-0.0044, 0.0242, 0.    ,-0.    ,-0.    , 0.    ,-0.0001],
 [ 0.    , 0.0848, 0.0242,-0.0053, 0.    , 0.0001, 0.0001,-0.    ,-0.    ],
 [-0.    ,-0.0001, 0.    , 0.    ,-0.    ,-0.    ,-0.    , 0.    , 0.    ],
 [ 0.    , 0.    ,-0.    , 0.0001,-0.    , 0.    , 0.    , 0.    , 0.    ],
 [-0.    , 0.0001,-0.    , 0.0001,-0.    , 0.    ,-0.    ,-0.    ,-0.    ],
 [ 0.    ,-0.    , 0.    ,-0.    , 0.    , 0.    ,-0.    , 0.    ,-0.    ],
 [-0.    , 0.    ,-0.0001,-0.    , 0.    , 0.    ,-0.    ,-0.    , 0.    ]]Atom 007: -111.61818674 
Orbital: [[ -0.    ,  0.    ,  0.    ,  0.    ,  0.    ,  0.    ,  0.    , -0.    ,
    0.    ],
 [  0.    , -1.0329,-18.2099,-18.5121, -0.0001,  0.0003, -0.0006, -0.0005,
   -0.0002],
 [  0.    ,-18.2099, -0.9163,-17.3863,  0.0004, -0.001 ,  0.0008, -0.0003,
    0.0008],
 [  0.    ,-18.5121,-17.3863, -1.438 ,  0.0001, -0.    ,  0.0002,  0.0007,
    0.    ],
 [  0.    , -0.0001,  0.0004,  0.0001, -0.    , -0.0007, -0.    , -0.0004,
   -0.0024],
 [  0.    ,  0.0003, -0.001 , -0.    , -0.0007,  0.    , -0.0013, -0.0005,
   -0.0006],
 [  0.    , -0.0006,  0.0008,  0.0002, -0.    , -0.0013,  0.    , -0.0015,
   -0.    ],
 [ -0.    , -0.0005, -0.0003,  0.0007, -0.0004, -0.0005, -0.0015, -0.    ,
   -0.0005],
 [  0.    , -0.0002,  0.0008,  0.    , -0.0024, -0.0006, -0.    , -0.0005,
    0.    ]]Diference to the first angle: [[-0.    , 0.    ,-0.    ,-0.    ,-0.    , 0.    ,-0.    , 0.    ,-0.    ],
 [ 0.    ,-0.0535,-0.063 ,-0.0565,-0.    ,-0.    ,-0.    ,-0.0001, 0.    ],
 [-0.    ,-0.063 ,-0.0044,-0.0344, 0.    ,-0.    ,-0.    ,-0.    ,-0.0001],
 [-0.    ,-0.0565,-0.0344,-0.0053,-0.    , 0.    ,-0.    , 0.    , 0.    ],
 [-0.    ,-0.    , 0.    ,-0.    ,-0.    ,-0.    ,-0.    ,-0.    , 0.    ],
 [ 0.    ,-0.    ,-0.    , 0.    ,-0.    , 0.    ,-0.    , 0.    , 0.    ],
 [-0.    ,-0.    ,-0.    ,-0.    ,-0.    ,-0.    , 0.    , 0.    ,-0.    ],
 [ 0.    ,-0.0001,-0.    , 0.    ,-0.    , 0.    , 0.    , 0.    ,-0.    ],
 [-0.    , 0.    ,-0.0001, 0.    , 0.    , 0.    ,-0.    ,-0.    , 0.    ]]
------------------------------------------------------------
Angle 002:   theta=0.41888 phi=0.00000 
 E: -281.76350273 
Atom 000: 151.01775508 
Orbital: [[-0.    ,-0.    , 0.    , 0.    , 0.    ,-0.    ,-0.    ,-0.    , 0.    ,
   0.    , 0.    , 0.    , 0.    ],
 [-0.    ,-0.0003,-0.    , 0.0002, 0.    ,-0.0023,-0.0002,-0.0021,-0.0003,
  -0.0006,-0.0005,-0.0008,-0.0003],
 [ 0.    ,-0.    , 0.    ,28.6871,18.8355,-0.0001,-0.3692,-0.3489, 0.    ,
   0.    ,-0.    , 0.    ,-0.    ],
 [ 0.    , 0.0002,28.6871,-0.    ,30.9123,-0.4006, 0.    ,-0.4129, 0.    ,
   0.    ,-0.    , 0.    , 0.    ],
 [ 0.    , 0.    ,18.8355,30.9123, 0.    ,-0.3489,-0.38  ,-0.0001,-0.    ,
   0.    ,-0.    , 0.    , 0.    ],
 [-0.    ,-0.0023,-0.0001,-0.4006,-0.3489,-0.004 , 0.0653, 0.0926, 0.    ,
  -0.0002,-0.0002,-0.0004, 0.0002],
 [-0.    ,-0.0002,-0.3692, 0.    ,-0.38  , 0.0653, 0.0004, 0.0654, 0.0001,
  -0.0002, 0.0001,-0.0002, 0.0002],
 [-0.    ,-0.0021,-0.3489,-0.4129,-0.0001, 0.0926, 0.0654,-0.004 , 0.0004,
  -0.0004,-0.0001,-0.0001, 0.    ],
 [ 0.    ,-0.0003, 0.    , 0.    ,-0.    , 0.    , 0.0001, 0.0004, 0.0022,
  -0.0932, 0.0072,-0.0615,-0.147 ],
 [ 0.    ,-0.0006, 0.    , 0.    , 0.    ,-0.0002,-0.0002,-0.0004,-0.0932,
   0.0022,-0.187 ,-0.0425,-0.0615],
 [ 0.    ,-0.0005,-0.    ,-0.    ,-0.    ,-0.0002, 0.0001,-0.0001, 0.0072,
  -0.187 , 0.    ,-0.1978, 0.0047],
 [ 0.    ,-0.0008, 0.    , 0.    , 0.    ,-0.0004,-0.0002,-0.0001,-0.0615,
  -0.0425,-0.1978, 0.0021,-0.1029],
 [ 0.    ,-0.0003,-0.    , 0.    , 0.    , 0.0002, 0.0002, 0.    ,-0.147 ,
  -0.0615, 0.0047,-0.1029, 0.0021]]Diference to the first angle: [[ 0.    , 0.    , 0.    ,-0.    ,-0.    , 0.    , 0.    , 0.    ,-0.    ,
   0.    ,-0.    ,-0.    ,-0.    ],
 [ 0.    ,-0.    ,-0.    , 0.    , 0.    ,-0.0001,-0.    , 0.0001,-0.0001,
   0.0002, 0.    , 0.    ,-0.0001],
 [ 0.    ,-0.    ,-0.    ,-2.2236, 2.4083, 0.    , 0.0108,-0.0134,-0.    ,
  -0.    , 0.    , 0.    ,-0.    ],
 [-0.    , 0.    ,-2.2236,-0.    , 0.0004, 0.0122,-0.    ,-0.    , 0.    ,
   0.    , 0.    ,-0.    ,-0.    ],
 [-0.    , 0.    , 2.4083, 0.0004,-0.    ,-0.0134,-0.    , 0.    ,-0.    ,
  -0.    , 0.    ,-0.    , 0.    ],
 [ 0.    ,-0.0001, 0.    , 0.0122,-0.0134,-0.    ,-0.    , 0.    ,-0.    ,
  -0.0001,-0.    , 0.0001,-0.0001],
 [ 0.    ,-0.    , 0.0108,-0.    ,-0.    ,-0.    , 0.    , 0.    , 0.    ,
   0.    ,-0.    , 0.    , 0.0001],
 [ 0.    , 0.0001,-0.0134,-0.    , 0.    , 0.    , 0.    ,-0.    , 0.    ,
   0.0001, 0.    , 0.0001,-0.0001],
 [-0.    ,-0.0001,-0.    , 0.    ,-0.    ,-0.    , 0.    , 0.    ,-0.0044,
   0.0148, 0.    , 0.0032,-0.0263],
 [ 0.    , 0.0002,-0.    , 0.    ,-0.    ,-0.0001, 0.    , 0.0001, 0.0148,
  -0.0044, 0.0108,-0.0017, 0.0032],
 [-0.    , 0.    , 0.    , 0.    , 0.    ,-0.    ,-0.    , 0.    , 0.    ,
   0.0108, 0.    ,-0.    ,-0.0025],
 [-0.    , 0.    , 0.    ,-0.    ,-0.    , 0.0001, 0.    , 0.0001, 0.0032,
  -0.0017,-0.    ,-0.0046, 0.0051],
 [-0.    ,-0.0001,-0.    ,-0.    , 0.    ,-0.0001, 0.0001,-0.0001,-0.0263,
   0.0032,-0.0025, 0.0051,-0.0045]]Atom 001: 151.01291488 
Orbital: [[-0.    , 0.    ,-0.    ,-0.    ,-0.    , 0.    , 0.    , 0.    ,-0.    ,
  -0.    ,-0.    ,-0.    ,-0.    ],
 [ 0.    ,-0.0003,-0.    , 0.0002, 0.    ,-0.0023,-0.0002,-0.0021,-0.0003,
  -0.0006,-0.0005,-0.0008,-0.0003],
 [-0.    ,-0.    , 0.    ,28.6871,18.8323,-0.0001,-0.3692,-0.3489, 0.    ,
   0.    ,-0.    , 0.    ,-0.    ],
 [-0.    , 0.0002,28.6871,-0.    ,30.9131,-0.4006, 0.    ,-0.4129, 0.    ,
   0.    ,-0.    , 0.    , 0.    ],
 [-0.    , 0.    ,18.8323,30.9131, 0.    ,-0.3489,-0.38  ,-0.0001,-0.    ,
   0.    ,-0.    , 0.    , 0.    ],
 [ 0.    ,-0.0023,-0.0001,-0.4006,-0.3489,-0.004 , 0.0653, 0.0926, 0.    ,
  -0.0002,-0.0002,-0.0004, 0.0002],
 [ 0.    ,-0.0002,-0.3692, 0.    ,-0.38  , 0.0653, 0.0004, 0.0654, 0.0001,
  -0.0002, 0.0001,-0.0002, 0.0002],
 [ 0.    ,-0.0021,-0.3489,-0.4129,-0.0001, 0.0926, 0.0654,-0.004 , 0.0004,
  -0.0004,-0.0001,-0.0001, 0.    ],
 [-0.    ,-0.0003, 0.    , 0.    ,-0.    , 0.    , 0.0001, 0.0004, 0.0022,
  -0.0932, 0.0072,-0.0615,-0.147 ],
 [-0.    ,-0.0006, 0.    , 0.    , 0.    ,-0.0002,-0.0002,-0.0004,-0.0932,
   0.0022,-0.187 ,-0.0425,-0.0615],
 [-0.    ,-0.0005,-0.    ,-0.    ,-0.    ,-0.0002, 0.0001,-0.0001, 0.0072,
  -0.187 , 0.    ,-0.1978, 0.0047],
 [-0.    ,-0.0008, 0.    , 0.    , 0.    ,-0.0004,-0.0002,-0.0001,-0.0615,
  -0.0425,-0.1978, 0.0021,-0.1029],
 [-0.    ,-0.0003,-0.    , 0.    , 0.    , 0.0002, 0.0002, 0.    ,-0.147 ,
  -0.0615, 0.0047,-0.1029, 0.0021]]Diference to the first angle: [[ 0.    ,-0.    ,-0.    , 0.    , 0.    ,-0.    ,-0.    ,-0.    , 0.    ,
  -0.    , 0.    , 0.    , 0.    ],
 [-0.    ,-0.    ,-0.    , 0.    , 0.    ,-0.0001,-0.    , 0.0001,-0.0001,
   0.0002, 0.    , 0.    ,-0.0001],
 [-0.    ,-0.    ,-0.    ,-2.2244, 2.4091, 0.    , 0.0108,-0.0134,-0.    ,
  -0.    , 0.    , 0.    ,-0.    ],
 [ 0.    , 0.    ,-2.2244,-0.    , 0.0004, 0.0122,-0.    ,-0.    , 0.    ,
   0.    , 0.    ,-0.    ,-0.    ],
 [ 0.    , 0.    , 2.4091, 0.0004,-0.    ,-0.0135,-0.    , 0.    ,-0.    ,
  -0.    , 0.    ,-0.    , 0.    ],
 [-0.    ,-0.0001, 0.    , 0.0122,-0.0135,-0.    ,-0.    , 0.    ,-0.    ,
  -0.0001,-0.    , 0.0001,-0.0001],
 [-0.    ,-0.    , 0.0108,-0.    ,-0.    ,-0.    , 0.    , 0.    , 0.    ,
   0.    ,-0.    , 0.    , 0.0001],
 [-0.    , 0.0001,-0.0134,-0.    , 0.    , 0.    , 0.    ,-0.    , 0.    ,
   0.0001, 0.    , 0.0001,-0.0001],
 [ 0.    ,-0.0001,-0.    , 0.    ,-0.    ,-0.    , 0.    , 0.    ,-0.0044,
   0.0148, 0.    , 0.0032,-0.0263],
 [-0.    , 0.0002,-0.    , 0.    ,-0.    ,-0.0001, 0.    , 0.0001, 0.0148,
  -0.0044, 0.0108,-0.0017, 0.0032],
 [ 0.    , 0.    , 0.    , 0.    , 0.    ,-0.    ,-0.    , 0.    , 0.    ,
   0.0108, 0.    ,-0.    ,-0.0025],
 [ 0.    , 0.    , 0.    ,-0.    ,-0.    , 0.0001, 0.    , 0.0001, 0.0032,
  -0.0017,-0.    ,-0.0046, 0.0051],
 [ 0.    ,-0.0001,-0.    ,-0.    , 0.    ,-0.0001, 0.0001,-0.0001,-0.0263,
   0.0032,-0.0025, 0.0051,-0.0045]]Atom 002: -111.86511555 
Orbital: [[ -0.    ,  0.    ,  0.    ,  0.    ,  0.    ,  0.    ,  0.    , -0.    ,
    0.    ],
 [  0.    , -1.0664,-18.2587,-18.5415, -0.0001,  0.0003, -0.0007, -0.0005,
   -0.0002],
 [  0.    ,-18.2587, -0.9286,-17.415 ,  0.0004, -0.001 ,  0.0008, -0.0003,
    0.0008],
 [  0.    ,-18.5415,-17.415 , -1.4251,  0.0001,  0.    ,  0.0002,  0.0007,
    0.0001],
 [  0.    , -0.0001,  0.0004,  0.0001, -0.    , -0.0007, -0.    , -0.0004,
   -0.0024],
 [  0.    ,  0.0003, -0.001 ,  0.    , -0.0007,  0.    , -0.0013, -0.0004,
   -0.0006],
 [  0.    , -0.0007,  0.0008,  0.0002, -0.    , -0.0013,  0.    , -0.0015,
   -0.    ],
 [ -0.    , -0.0005, -0.0003,  0.0007, -0.0004, -0.0004, -0.0015, -0.    ,
   -0.0005],
 [  0.    , -0.0002,  0.0008,  0.0001, -0.0024, -0.0006, -0.    , -0.0005,
    0.    ]]Diference to the first angle: [[-0.    , 0.    ,-0.    ,-0.    ,-0.    , 0.    ,-0.    , 0.    ,-0.    ],
 [ 0.    ,-0.087 ,-0.1119,-0.086 ,-0.    , 0.    ,-0.0001,-0.0001, 0.    ],
 [-0.    ,-0.1119,-0.0167,-0.063 , 0.    ,-0.0001,-0.    ,-0.    ,-0.0001],
 [-0.    ,-0.086 ,-0.063 , 0.0077,-0.    , 0.0001,-0.    , 0.    , 0.0001],
 [-0.    ,-0.    , 0.    ,-0.    ,-0.    , 0.    ,-0.    ,-0.    , 0.    ],
 [ 0.    , 0.    ,-0.0001, 0.0001, 0.    , 0.    ,-0.    , 0.    , 0.    ],
 [-0.    ,-0.0001,-0.    ,-0.    ,-0.    ,-0.    , 0.    , 0.    ,-0.    ],
 [ 0.    ,-0.0001,-0.    , 0.    ,-0.    , 0.    , 0.    , 0.    ,-0.    ],
 [-0.    , 0.    ,-0.0001, 0.0001, 0.    , 0.    ,-0.    ,-0.    , 0.    ]]Atom 003: -110.39553426 
Orbital: [[ -0.    ,  0.    ,  0.    ,  0.    ,  0.    , -0.    ,  0.    ,  0.    ,
    0.    ],
 [  0.    , -0.8513,-18.0145,-18.2833, -0.0002,  0.0003,  0.0003, -0.0002,
   -0.0002],
 [  0.    ,-18.0145, -0.9287,-17.2906,  0.0007, -0.0009,  0.0008, -0.0004,
    0.0006],
 [  0.    ,-18.2833,-17.2906, -1.425 , -0.    ,  0.0001, -0.0003,  0.0004,
    0.    ],
 [  0.    , -0.0002,  0.0007, -0.    ,  0.    , -0.0005, -0.    , -0.0006,
   -0.0024],
 [ -0.    ,  0.0003, -0.0009,  0.0001, -0.0005, -0.    , -0.0016, -0.0004,
   -0.0006],
 [  0.    ,  0.0003,  0.0008, -0.0003, -0.    , -0.0016,  0.    , -0.0011,
   -0.    ],
 [  0.    , -0.0002, -0.0004,  0.0004, -0.0006, -0.0004, -0.0011,  0.    ,
   -0.0006],
 [  0.    , -0.0002,  0.0006,  0.    , -0.0024, -0.0006, -0.    , -0.0006,
    0.    ]]Diference to the first angle: [[ 0.    ,-0.    , 0.    , 0.    ,-0.    , 0.    ,-0.    , 0.    ,-0.    ],
 [-0.    , 0.1281, 0.1507, 0.1722,-0.0002, 0.0001, 0.0001,-0.0001, 0.    ],
 [ 0.    , 0.1507,-0.0167, 0.0431, 0.0001,-0.0001,-0.    , 0.    ,-0.0001],
 [ 0.    , 0.1722, 0.0431, 0.0077, 0.    , 0.0002, 0.0002,-0.0001, 0.    ],
 [-0.    ,-0.0002, 0.0001, 0.    ,-0.    ,-0.    ,-0.    , 0.    , 0.    ],
 [ 0.    , 0.0001,-0.0001, 0.0002,-0.    , 0.    , 0.    , 0.    ,-0.    ],
 [-0.    , 0.0001,-0.    , 0.0002,-0.    , 0.    , 0.    ,-0.    ,-0.    ],
 [ 0.    ,-0.0001, 0.    ,-0.0001, 0.    , 0.    ,-0.    , 0.    ,-0.    ],
 [-0.    , 0.    ,-0.0001, 0.    , 0.    ,-0.    ,-0.    ,-0.    , 0.    ]]Atom 004: -111.37269334 
Orbital: [[ -0.    ,  0.    ,  0.    ,  0.    ,  0.    ,  0.    ,  0.    , -0.    ,
    0.    ],
 [  0.    , -0.9511,-17.0003,-19.1549, -0.0003,  0.0006, -0.    ,  0.0002,
    0.0005],
 [  0.    ,-17.0003, -0.9786,-18.5706,  0.0011, -0.    ,  0.0007, -0.0011,
    0.0003],
 [  0.    ,-19.1549,-18.5706,  0.0225,  0.    , -0.0003, -0.0006,  0.    ,
   -0.0001],
 [  0.    , -0.0003,  0.0011,  0.    ,  0.    , -0.0004,  0.    , -0.0006,
   -0.0025],
 [  0.    ,  0.0006, -0.    , -0.0003, -0.0004,  0.    , -0.0012, -0.0005,
   -0.0004],
 [  0.    , -0.    ,  0.0007, -0.0006,  0.    , -0.0012,  0.    , -0.0015,
   -0.    ],
 [ -0.    ,  0.0002, -0.0011,  0.    , -0.0006, -0.0005, -0.0015,  0.    ,
   -0.0006],
 [  0.    ,  0.0005,  0.0003, -0.0001, -0.0025, -0.0004, -0.    , -0.0006,
   -0.    ]]Diference to the first angle: [[-0.    ,-0.    ,-0.    , 0.    , 0.    ,-0.    , 0.    ,-0.    , 0.    ],
 [-0.    ,-0.0669,-0.064 , 0.0757, 0.    ,-0.0001, 0.    , 0.0001,-0.    ],
 [-0.    ,-0.064 ,-0.0667,-0.0082, 0.0001, 0.    ,-0.    , 0.0001,-0.    ],
 [ 0.    , 0.0757,-0.0082, 0.0002,-0.    ,-0.    ,-0.0003,-0.    , 0.0002],
 [ 0.    , 0.    , 0.0001,-0.    , 0.    , 0.0001, 0.    , 0.    ,-0.0001],
 [-0.    ,-0.0001, 0.    ,-0.    , 0.0001,-0.    , 0.    ,-0.0001, 0.    ],
 [ 0.    , 0.    ,-0.    ,-0.0003, 0.    , 0.    , 0.    , 0.    ,-0.    ],
 [-0.    , 0.0001, 0.0001,-0.    , 0.    ,-0.0001, 0.    , 0.    , 0.    ],
 [ 0.    ,-0.    ,-0.    , 0.0002,-0.0001, 0.    ,-0.    , 0.    ,-0.    ]]Atom 005: -111.37263819 
Orbital: [[ -0.    ,  0.    ,  0.    ,  0.    ,  0.    ,  0.    ,  0.    , -0.    ,
    0.    ],
 [  0.    , -0.9511,-17.0003,-19.1549, -0.0003,  0.0006, -0.    ,  0.0002,
    0.0005],
 [  0.    ,-17.0003, -0.9786,-18.5706,  0.0011, -0.    ,  0.0007, -0.0011,
    0.0003],
 [  0.    ,-19.1549,-18.5706,  0.0225,  0.    , -0.0003, -0.0006,  0.    ,
   -0.0001],
 [  0.    , -0.0003,  0.0011,  0.    ,  0.    , -0.0004,  0.    , -0.0006,
   -0.0025],
 [  0.    ,  0.0006, -0.    , -0.0003, -0.0004,  0.    , -0.0012, -0.0005,
   -0.0004],
 [  0.    , -0.    ,  0.0007, -0.0006,  0.    , -0.0012,  0.    , -0.0015,
   -0.    ],
 [ -0.    ,  0.0002, -0.0011,  0.    , -0.0006, -0.0005, -0.0015,  0.    ,
   -0.0006],
 [  0.    ,  0.0005,  0.0003, -0.0001, -0.0025, -0.0004, -0.    , -0.0006,
   -0.    ]]Diference to the first angle: [[-0.    ,-0.    ,-0.    , 0.    , 0.    ,-0.    , 0.    ,-0.    , 0.    ],
 [-0.    ,-0.0669,-0.064 , 0.0757, 0.    ,-0.0001, 0.    , 0.0001,-0.    ],
 [-0.    ,-0.064 ,-0.0667,-0.0082, 0.0001, 0.    ,-0.    , 0.0001,-0.    ],
 [ 0.    , 0.0757,-0.0082, 0.0002,-0.    ,-0.    ,-0.0003,-0.    , 0.0002],
 [ 0.    , 0.    , 0.0001,-0.    , 0.    , 0.0001, 0.    , 0.    ,-0.0001],
 [-0.    ,-0.0001, 0.    ,-0.    , 0.0001,-0.    , 0.    ,-0.0001, 0.    ],
 [ 0.    , 0.    ,-0.    ,-0.0003, 0.    , 0.    , 0.    , 0.    ,-0.    ],
 [-0.    , 0.0001, 0.0001,-0.    , 0.    ,-0.0001, 0.    , 0.    , 0.    ],
 [ 0.    ,-0.    ,-0.    , 0.0002,-0.0001, 0.    ,-0.    , 0.    ,-0.    ]]Atom 006: -110.39551753 
Orbital: [[ -0.    ,  0.    ,  0.    ,  0.    ,  0.    , -0.    ,  0.    ,  0.    ,
    0.    ],
 [  0.    , -0.8513,-18.0145,-18.2833, -0.0002,  0.0003,  0.0003, -0.0002,
   -0.0002],
 [  0.    ,-18.0145, -0.9288,-17.2906,  0.0007, -0.0009,  0.0008, -0.0004,
    0.0006],
 [  0.    ,-18.2833,-17.2906, -1.425 , -0.    ,  0.0001, -0.0003,  0.0004,
    0.    ],
 [  0.    , -0.0002,  0.0007, -0.    ,  0.    , -0.0005, -0.    , -0.0006,
   -0.0024],
 [ -0.    ,  0.0003, -0.0009,  0.0001, -0.0005, -0.    , -0.0016, -0.0004,
   -0.0006],
 [  0.    ,  0.0003,  0.0008, -0.0003, -0.    , -0.0016,  0.    , -0.0011,
   -0.    ],
 [  0.    , -0.0002, -0.0004,  0.0004, -0.0006, -0.0004, -0.0011,  0.    ,
   -0.0006],
 [  0.    , -0.0002,  0.0006,  0.    , -0.0024, -0.0006, -0.    , -0.0006,
